Paese;Zip/Postal Code From;Zip/Postal Code To;Weight From;Weight To;Prezzo Spedizione;
IT;;;0.0000;0.0090;0.0000;
IT;;;0.0100;0.3000;9.5000;
<<<<<<< HEAD
IT;;;0.3100;5.000;14.5000;
IT;;;5.100;10.000;18.5000;
IT;;;10.100;20.000;24.0000;
IT;;;20.100;30.000;29.5000;
IT;;;30.100;40.000;35.0000;
IT;;;40.100;60.000;40.0000;
IT;;;60.100;80.000;48.0000;
IT;;;80.100;100.000;55.0000;
IT;;;100.100;50.000.000;200.0000;
IT;04020;04020;0.0000;0.0090;0.0000;
IT;04020;04020;0.0100;0.3000;24.5000;
IT;04020;04020;0.3100;5.000;29.5000;
IT;04020;04020;5.100;10.000;33.5000;
IT;04020;04020;10.100;20.000;39.0000;
IT;04020;04020;20.100;30.000;44.5000;
IT;04020;04020;30.100;40.000;50.0000;
IT;04020;04020;40.100;60.000;55.0000;
IT;04020;04020;60.100;80.000;63.0000;
IT;04020;04020;80.100;100.000;71.0000;
IT;04020;04020;100.100;50.000.000;350.0000;
IT;04027;04027;0.0000;0.0090;0.0000;
IT;04027;04027;0.0100;0.3000;24.5000;
IT;04027;04027;0.3100;5.000;29.5000;
IT;04027;04027;5.100;10.000;33.5000;
IT;04027;04027;10.100;20.000;39.0000;
IT;04027;04027;20.100;30.000;44.5000;
IT;04027;04027;30.100;40.000;50.0000;
IT;04027;04027;40.100;60.000;55.0000;
IT;04027;04027;60.100;80.000;63.0000;
IT;04027;04027;80.100;100.000;71.0000;
IT;04027;04027;100.100;50.000.000;350.0000;
IT;07010;07023;0.0000;0.0090;0.0000;
IT;07010;07023;0.0100;0.3000;16.5000;
IT;07010;07023;0.3100;5.000;21.5000;
IT;07010;07023;5.100;10.000;25.5000;
IT;07010;07023;10.100;20.000;31.0000;
IT;07010;07023;20.100;30.000;36.5000;
IT;07010;07023;30.100;40.000;42.0000;
IT;07010;07023;40.100;60.000;47.0000;
IT;07010;07023;60.100;80.000;55.0000;
IT;07010;07023;80.100;100.000;62.0000;
IT;07010;07023;100.100;50.000.000;350.0000;
IT;07024;07024;0.0000;0.0090;0.0000;
IT;07024;07024;0.0100;0.3000;24.5000;
IT;07024;07024;0.3100;5.000;29.5000;
IT;07024;07024;5.100;10.000;33.5000;
IT;07024;07024;10.100;20.000;39.0000;
IT;07024;07024;20.100;30.000;44.5000;
IT;07024;07024;30.100;40.000;50.0000;
IT;07024;07024;40.100;60.000;55.0000;
IT;07024;07024;60.100;80.000;63.0000;
IT;07024;07024;80.100;100.000;71.0000;
IT;07024;07024;100.100;50.000.000;350.0000;
IT;07025;07045;0.0000;0.0090;0.0000;
IT;07025;07045;0.0100;0.3000;16.5000;
IT;07025;07045;0.3100;5.000;21.5000;
IT;07025;07045;5.100;10.000;25.5000;
IT;07025;07045;10.100;20.000;31.0000;
IT;07025;07045;20.100;30.000;36.5000;
IT;07025;07045;30.100;40.000;42.0000;
IT;07025;07045;40.100;60.000;47.0000;
IT;07025;07045;60.100;80.000;55.0000;
IT;07025;07045;80.100;100.000;62.0000;
IT;07025;07045;100.100;50.000.000;350.0000;
IT;07046;07046;0.0000;0.0090;0.0000;
IT;07046;07046;0.0100;0.3000;24.5000;
IT;07046;07046;0.3100;5.000;29.5000;
IT;07046;07046;5.100;10.000;33.5000;
IT;07046;07046;10.100;20.000;39.0000;
IT;07046;07046;20.100;30.000;44.5000;
IT;07046;07046;30.100;40.000;50.0000;
IT;07046;07046;40.100;60.000;55.0000;
IT;07046;07046;60.100;80.000;63.0000;
IT;07046;07046;80.100;100.000;71.0000;
IT;07046;07046;100.100;50.000.000;350.0000;
IT;07047;07052;0.0000;0.0090;0.0000;
IT;07047;07052;0.0100;0.3000;16.5000;
IT;07047;07052;0.3100;5.000;21.5000;
IT;07047;07052;5.100;10.000;25.5000;
IT;07047;07052;10.100;20.000;31.0000;
IT;07047;07052;20.100;30.000;36.5000;
IT;07047;07052;30.100;40.000;42.0000;
IT;07047;07052;40.100;60.000;47.0000;
IT;07047;07052;60.100;80.000;55.0000;
IT;07047;07052;80.100;100.000;62.0000;
IT;07047;07052;100.100;50.000.000;350.0000;
IT;07100;07100;0.0000;0.0090;0.0000;
IT;07100;07100;0.0100;0.3000;16.5000;
IT;07100;07100;0.3100;5.000;21.5000;
IT;07100;07100;5.100;10.000;25.5000;
IT;07100;07100;10.100;20.000;31.0000;
IT;07100;07100;20.100;30.000;36.5000;
IT;07100;07100;30.100;40.000;42.0000;
IT;07100;07100;40.100;60.000;47.0000;
IT;07100;07100;60.100;80.000;55.0000;
IT;07100;07100;80.100;100.000;62.0000;
IT;07100;07100;100.100;50.000.000;350.0000;
IT;08010;08049;0.0000;0.0090;0.0000;
IT;08010;08049;0.0100;0.3000;16.5000;
IT;08010;08049;0.3100;5.000;21.5000;
IT;08010;08049;5.100;10.000;25.5000;
IT;08010;08049;10.100;20.000;31.0000;
IT;08010;08049;20.100;30.000;36.5000;
IT;08010;08049;30.100;40.000;42.0000;
IT;08010;08049;40.100;60.000;47.0000;
IT;08010;08049;60.100;80.000;55.0000;
IT;08010;08049;80.100;100.000;62.0000;
IT;08010;08049;100.100;50.000.000;350.0000;
IT;08100;08100;0.0000;0.0090;0.0000;
IT;08100;08100;0.0100;0.3000;16.5000;
IT;08100;08100;0.3100;5.000;21.5000;
IT;08100;08100;5.100;10.000;25.5000;
IT;08100;08100;10.100;20.000;31.0000;
IT;08100;08100;20.100;30.000;36.5000;
IT;08100;08100;30.100;40.000;42.0000;
IT;08100;08100;40.100;60.000;47.0000;
IT;08100;08100;60.100;80.000;55.0000;
IT;08100;08100;80.100;100.000;62.0000;
IT;08100;08100;100.100;50.000.000;350.0000;
IT;09010;09013;0.0000;0.0090;0.0000;
IT;09010;09013;0.0100;0.3000;16.5000;
IT;09010;09013;0.3100;5.000;21.5000;
IT;09010;09013;5.100;10.000;25.5000;
IT;09010;09013;10.100;20.000;31.0000;
IT;09010;09013;20.100;30.000;36.5000;
IT;09010;09013;30.100;40.000;42.0000;
IT;09010;09013;40.100;60.000;47.0000;
IT;09010;09013;60.100;80.000;55.0000;
IT;09010;09013;80.100;100.000;62.0000;
IT;09010;09013;100.100;50.000.000;350.0000;
IT;09014;09014;0.0000;0.0090;0.0000;
IT;09014;09014;0.0100;0.3000;24.5000;
IT;09014;09014;0.3100;5.000;29.5000;
IT;09014;09014;5.100;10.000;33.5000;
IT;09014;09014;10.100;20.000;39.0000;
IT;09014;09014;20.100;30.000;44.5000;
IT;09014;09014;30.100;40.000;50.0000;
IT;09014;09014;40.100;60.000;55.0000;
IT;09014;09014;60.100;80.000;63.0000;
IT;09014;09014;80.100;100.000;71.0000;
IT;09014;09014;100.100;50.000.000;350.0000;
IT;09015;09100;0.0000;0.0090;0.0000;
IT;09015;09100;0.0100;0.3000;16.5000;
IT;09015;09100;0.3100;5.000;21.5000;
IT;09015;09100;5.100;10.000;25.5000;
IT;09015;09100;10.100;20.000;31.0000;
IT;09015;09100;20.100;30.000;36.5000;
IT;09015;09100;30.100;40.000;42.0000;
IT;09015;09100;40.100;60.000;47.0000;
IT;09015;09100;60.100;80.000;55.0000;
IT;09015;09100;80.100;100.000;62.0000;
IT;09015;09100;100.100;50.000.000;350.0000;
IT;09121;09134;0.0000;0.0090;0.0000;
IT;09121;09134;0.0100;0.3000;16.5000;
IT;09121;09134;0.3100;5.000;21.5000;
IT;09121;09134;5.100;10.000;25.5000;
IT;09121;09134;10.100;20.000;31.0000;
IT;09121;09134;20.100;30.000;36.5000;
IT;09121;09134;30.100;40.000;42.0000;
IT;09121;09134;40.100;60.000;47.0000;
IT;09121;09134;60.100;80.000;55.0000;
IT;09121;09134;80.100;100.000;62.0000;
IT;09121;09134;100.100;50.000.000;350.0000;
IT;09170;09170;0.0000;0.0090;0.0000;
IT;09170;09170;0.0100;0.3000;16.5000;
IT;09170;09170;0.3100;5.000;21.5000;
IT;09170;09170;5.100;10.000;25.5000;
IT;09170;09170;10.100;20.000;31.0000;
IT;09170;09170;20.100;30.000;36.5000;
IT;09170;09170;30.100;40.000;42.0000;
IT;09170;09170;40.100;60.000;47.0000;
IT;09170;09170;60.100;80.000;55.0000;
IT;09170;09170;80.100;100.000;62.0000;
IT;09170;09170;100.100;50.000.000;350.0000;
IT;22060;22061;0.0000;0.0090;0.0000;
IT;22060;22061;0.0100;0.3000;24.5000;
IT;22060;22061;0.3100;5.000;29.5000;
IT;22060;22061;5.100;10.000;33.5000;
IT;22060;22061;10.100;20.000;39.0000;
IT;22060;22061;20.100;30.000;44.5000;
IT;22060;22061;30.100;40.000;50.0000;
IT;22060;22061;40.100;60.000;55.0000;
IT;22060;22061;60.100;80.000;63.0000;
IT;22060;22061;80.100;100.000;71.0000;
IT;22060;22061;100.100;50.000.000;350.0000;
IT;23030;23030;0.0000;0.0090;0.0000;
IT;23030;23030;0.0100;0.3000;24.5000;
IT;23030;23030;0.3100;5.000;29.5000;
IT;23030;23030;5.100;10.000;33.5000;
IT;23030;23030;10.100;20.000;39.0000;
IT;23030;23030;20.100;30.000;44.5000;
IT;23030;23030;30.100;40.000;50.0000;
IT;23030;23030;40.100;60.000;55.0000;
IT;23030;23030;60.100;80.000;63.0000;
IT;23030;23030;80.100;100.000;71.0000;
IT;23030;23030;100.100;50.000.000;350.0000;
IT;30010;30010;0.0000;0.0090;0.0000;
IT;30010;30010;0.0100;0.3000;24.5000;
IT;30010;30010;0.3100;5.000;29.5000;
IT;30010;30010;5.100;10.000;33.5000;
IT;30010;30010;10.100;20.000;39.0000;
IT;30010;30010;20.100;30.000;44.5000;
IT;30010;30010;30.100;40.000;50.0000;
IT;30010;30010;40.100;60.000;55.0000;
IT;30010;30010;60.100;80.000;63.0000;
IT;30010;30010;80.100;100.000;71.0000;
IT;30010;30010;100.100;50.000.000;350.0000;
IT;30030;30030;0.0000;0.0090;0.0000;
IT;30030;30030;0.0100;0.3000;24.5000;
IT;30030;30030;0.3100;5.000;29.5000;
IT;30030;30030;5.100;10.000;33.5000;
IT;30030;30030;10.100;20.000;39.0000;
IT;30030;30030;20.100;30.000;44.5000;
IT;30030;30030;30.100;40.000;50.0000;
IT;30030;30030;40.100;60.000;55.0000;
IT;30030;30030;60.100;80.000;63.0000;
IT;30030;30030;80.100;100.000;71.0000;
IT;30030;30030;100.100;50.000.000;350.0000;
IT;30100;30100;0.0000;0.0090;0.0000;
IT;30100;30100;0.0100;0.3000;24.5000;
IT;30100;30100;0.3100;5.000;29.5000;
IT;30100;30100;5.100;10.000;33.5000;
IT;30100;30100;10.100;20.000;39.0000;
IT;30100;30100;20.100;30.000;44.5000;
IT;30100;30100;30.100;40.000;50.0000;
IT;30100;30100;40.100;60.000;55.0000;
IT;30100;30100;60.100;80.000;63.0000;
IT;30100;30100;80.100;100.000;71.0000;
IT;30100;30100;100.100;50.000.000;350.0000;
IT;30173;30173;0.0000;0.0090;0.0000;
IT;30173;30173;0.0100;0.3000;24.5000;
IT;30173;30173;0.3100;5.000;29.5000;
IT;30173;30173;5.100;10.000;33.5000;
IT;30173;30173;10.100;20.000;39.0000;
IT;30173;30173;20.100;30.000;44.5000;
IT;30173;30173;30.100;40.000;50.0000;
IT;30173;30173;40.100;60.000;55.0000;
IT;30173;30173;60.100;80.000;63.0000;
IT;30173;30173;80.100;100.000;71.0000;
IT;30173;30173;100.100;50.000.000;350.0000;
IT;30175;30175;0.0000;0.0090;0.0000;
IT;30175;30175;0.0100;0.3000;24.5000;
IT;30175;30175;0.3100;5.000;29.5000;
IT;30175;30175;5.100;10.000;33.5000;
IT;30175;30175;10.100;20.000;39.0000;
IT;30175;30175;20.100;30.000;44.5000;
IT;30175;30175;30.100;40.000;50.0000;
IT;30175;30175;40.100;60.000;55.0000;
IT;30175;30175;60.100;80.000;63.0000;
IT;30175;30175;80.100;100.000;71.0000;
IT;30175;30175;100.100;50.000.000;350.0000;
IT;57030;57039;0.0000;0.0090;0.0000;
IT;57030;57039;0.0100;0.3000;24.5000;
IT;57030;57039;0.3100;5.000;29.5000;
IT;57030;57039;5.100;10.000;33.5000;
IT;57030;57039;10.100;20.000;39.0000;
IT;57030;57039;20.100;30.000;44.5000;
IT;57030;57039;30.100;40.000;50.0000;
IT;57030;57039;40.100;60.000;55.0000;
IT;57030;57039;60.100;80.000;63.0000;
IT;57030;57039;80.100;100.000;71.0000;
IT;57030;57039;100.100;50.000.000;350.0000;
IT;58012;58012;0.0000;0.0090;0.0000;
IT;58012;58012;0.0100;0.3000;24.5000;
IT;58012;58012;0.3100;5.000;29.5000;
IT;58012;58012;5.100;10.000;33.5000;
IT;58012;58012;10.100;20.000;39.0000;
IT;58012;58012;20.100;30.000;44.5000;
IT;58012;58012;30.100;40.000;50.0000;
IT;58012;58012;40.100;60.000;55.0000;
IT;58012;58012;60.100;80.000;63.0000;
IT;58012;58012;80.100;100.000;71.0000;
IT;58012;58012;100.100;50.000.000;350.0000;
IT;58018;58019;0.0000;0.0090;0.0000;
IT;58018;58019;0.0100;0.3000;24.5000;
IT;58018;58019;0.3100;5.000;29.5000;
IT;58018;58019;5.100;10.000;33.5000;
IT;58018;58019;10.100;20.000;39.0000;
IT;58018;58019;20.100;30.000;44.5000;
IT;58018;58019;30.100;40.000;50.0000;
IT;58018;58019;40.100;60.000;55.0000;
IT;58018;58019;60.100;80.000;63.0000;
IT;58018;58019;80.100;100.000;71.0000;
IT;58018;58019;100.100;50.000.000;350.0000;
IT;71040;71040;0.0000;0.0090;0.0000;
IT;71040;71040;0.0100;0.3000;24.5000;
IT;71040;71040;0.3100;5.000;29.5000;
IT;71040;71040;5.100;10.000;33.5000;
IT;71040;71040;10.100;20.000;39.0000;
IT;71040;71040;20.100;30.000;44.5000;
IT;71040;71040;30.100;40.000;50.0000;
IT;71040;71040;40.100;60.000;55.0000;
IT;71040;71040;60.100;80.000;63.0000;
IT;71040;71040;80.100;100.000;71.0000;
IT;71040;71040;100.100;50.000.000;350.0000;
IT;71100;71100;0.0000;0.0090;0.0000;
IT;71100;71100;0.0100;0.3000;24.5000;
IT;71100;71100;0.3100;5.000;29.5000;
IT;71100;71100;5.100;10.000;33.5000;
IT;71100;71100;10.100;20.000;39.0000;
IT;71100;71100;20.100;30.000;44.5000;
IT;71100;71100;30.100;40.000;50.0000;
IT;71100;71100;40.100;60.000;55.0000;
IT;71100;71100;60.100;80.000;63.0000;
IT;71100;71100;80.100;100.000;71.0000;
IT;71100;71100;100.100;50.000.000;350.0000;
IT;80070;80077;0.0000;0.0090;0.0000;
IT;80070;80077;0.0100;0.3000;24.5000;
IT;80070;80077;0.3100;5.000;29.5000;
IT;80070;80077;5.100;10.000;33.5000;
IT;80070;80077;10.100;20.000;39.0000;
IT;80070;80077;20.100;30.000;44.5000;
IT;80070;80077;30.100;40.000;50.0000;
IT;80070;80077;40.100;60.000;55.0000;
IT;80070;80077;60.100;80.000;63.0000;
IT;80070;80077;80.100;100.000;71.0000;
IT;80070;80077;100.100;50.000.000;350.0000;
IT;80079;80079;0.0000;0.0090;0.0000;
IT;80079;80079;0.0100;0.3000;24.5000;
IT;80079;80079;0.3100;5.000;29.5000;
IT;80079;80079;5.100;10.000;33.5000;
IT;80079;80079;10.100;20.000;39.0000;
IT;80079;80079;20.100;30.000;44.5000;
IT;80079;80079;30.100;40.000;50.0000;
IT;80079;80079;40.100;60.000;55.0000;
IT;80079;80079;60.100;80.000;63.0000;
IT;80079;80079;80.100;100.000;71.0000;
IT;80079;80079;100.100;50.000.000;350.0000;
IT;80124;80124;0.0000;0.0090;0.0000;
IT;80124;80124;0.0100;0.3000;24.5000;
IT;80124;80124;0.3100;5.000;29.5000;
IT;80124;80124;5.100;10.000;33.5000;
IT;80124;80124;10.100;20.000;39.0000;
IT;80124;80124;20.100;30.000;44.5000;
IT;80124;80124;30.100;40.000;50.0000;
IT;80124;80124;40.100;60.000;55.0000;
IT;80124;80124;60.100;80.000;63.0000;
IT;80124;80124;80.100;100.000;71.0000;
IT;80124;80124;100.100;50.000.000;350.0000;
IT;87010;87051;0.0000;0.0090;0.0000;
IT;87010;87051;0.0100;0.3000;13.5000;
IT;87010;87051;0.3100;5.000;18.5000;
IT;87010;87051;5.100;10.000;22.5000;
IT;87010;87051;10.100;20.000;28.0000;
IT;87010;87051;20.100;30.000;33.5000;
IT;87010;87051;30.100;40.000;39.0000;
IT;87010;87051;40.100;60.000;44.0000;
IT;87010;87051;60.100;80.000;52.0000;
IT;87010;87051;80.100;100.000;59.0000;
IT;87010;87051;100.100;50.000.000;250.0000;
IT;87053;87076;0.0000;0.0090;0.0000;
IT;87053;87076;0.0100;0.3000;13.5000;
IT;87053;87076;0.3100;5.000;18.5000;
IT;87053;87076;5.100;10.000;22.5000;
IT;87053;87076;10.100;20.000;28.0000;
IT;87053;87076;20.100;30.000;33.5000;
IT;87053;87076;30.100;40.000;39.0000;
IT;87053;87076;40.100;60.000;44.0000;
IT;87053;87076;60.100;80.000;52.0000;
IT;87053;87076;80.100;100.000;59.0000;
IT;87053;87076;100.100;50.000.000;250.0000;
IT;87100;87100;0.0000;0.0090;0.0000;
IT;87100;87100;0.0100;0.3000;13.5000;
IT;87100;87100;0.3100;5.000;18.5000;
IT;87100;87100;5.100;10.000;22.5000;
IT;87100;87100;10.100;20.000;28.0000;
IT;87100;87100;20.100;30.000;33.5000;
IT;87100;87100;30.100;40.000;39.0000;
IT;87100;87100;40.100;60.000;44.0000;
IT;87100;87100;60.100;80.000;52.0000;
IT;87100;87100;80.100;100.000;59.0000;
IT;87100;87100;100.100;50.000.000;250.0000;
IT;88020;88025;0.0000;0.0090;0.0000;
IT;88020;88025;0.0100;0.3000;13.5000;
IT;88020;88025;0.3100;5.000;18.5000;
IT;88020;88025;5.100;10.000;22.5000;
IT;88020;88025;10.100;20.000;28.0000;
IT;88020;88025;20.100;30.000;33.5000;
IT;88020;88025;30.100;40.000;39.0000;
IT;88020;88025;40.100;60.000;44.0000;
IT;88020;88025;60.100;80.000;52.0000;
IT;88020;88025;80.100;100.000;59.0000;
IT;88020;88025;100.100;50.000.000;250.0000;
IT;88040;88056;0.0000;0.0090;0.0000;
IT;88040;88056;0.0100;0.3000;13.5000;
IT;88040;88056;0.3100;5.000;18.5000;
IT;88040;88056;5.100;10.000;22.5000;
IT;88040;88056;10.100;20.000;28.0000;
IT;88040;88056;20.100;30.000;33.5000;
IT;88040;88056;30.100;40.000;39.0000;
IT;88040;88056;40.100;60.000;44.0000;
IT;88040;88056;60.100;80.000;52.0000;
IT;88040;88056;80.100;100.000;59.0000;
IT;88040;88056;100.100;50.000.000;250.0000;
IT;88060;88070;0.0000;0.0090;0.0000;
IT;88060;88070;0.0100;0.3000;13.5000;
IT;88060;88070;0.3100;5.000;18.5000;
IT;88060;88070;5.100;10.000;22.5000;
IT;88060;88070;10.100;20.000;28.0000;
IT;88060;88070;20.100;30.000;33.5000;
IT;88060;88070;30.100;40.000;39.0000;
IT;88060;88070;40.100;60.000;44.0000;
IT;88060;88070;60.100;80.000;52.0000;
IT;88060;88070;80.100;100.000;59.0000;
IT;88060;88070;100.100;50.000.000;250.0000;
IT;88100;88100;0.0000;0.0090;0.0000;
IT;88100;88100;0.0100;0.3000;13.5000;
IT;88100;88100;0.3100;5.000;18.5000;
IT;88100;88100;5.100;10.000;22.5000;
IT;88100;88100;10.100;20.000;28.0000;
IT;88100;88100;20.100;30.000;33.5000;
IT;88100;88100;30.100;40.000;39.0000;
IT;88100;88100;40.100;60.000;44.0000;
IT;88100;88100;60.100;80.000;52.0000;
IT;88100;88100;80.100;100.000;59.0000;
IT;88100;88100;100.100;50.000.000;250.0000;
IT;88811;88825;0.0000;0.0090;0.0000;
IT;88811;88825;0.0100;0.3000;13.5000;
IT;88811;88825;0.3100;5.000;18.5000;
IT;88811;88825;5.100;10.000;22.5000;
IT;88811;88825;10.100;20.000;28.0000;
IT;88811;88825;20.100;30.000;33.5000;
IT;88811;88825;30.100;40.000;39.0000;
IT;88811;88825;40.100;60.000;44.0000;
IT;88811;88825;60.100;80.000;52.0000;
IT;88811;88825;80.100;100.000;59.0000;
IT;88811;88825;100.100;50.000.000;250.0000;
IT;88831;88842;0.0000;0.0090;0.0000;
IT;88831;88842;0.0100;0.3000;13.5000;
IT;88831;88842;0.3100;5.000;18.5000;
IT;88831;88842;5.100;10.000;22.5000;
IT;88831;88842;10.100;20.000;28.0000;
IT;88831;88842;20.100;30.000;33.5000;
IT;88831;88842;30.100;40.000;39.0000;
IT;88831;88842;40.100;60.000;44.0000;
IT;88831;88842;60.100;80.000;52.0000;
IT;88831;88842;80.100;100.000;59.0000;
IT;88831;88842;100.100;50.000.000;250.0000;
IT;88900;88900;0.0000;0.0090;0.0000;
IT;88900;88900;0.0100;0.3000;13.5000;
IT;88900;88900;0.3100;5.000;18.5000;
IT;88900;88900;5.100;10.000;22.5000;
IT;88900;88900;10.100;20.000;28.0000;
IT;88900;88900;20.100;30.000;33.5000;
IT;88900;88900;30.100;40.000;39.0000;
IT;88900;88900;40.100;60.000;44.0000;
IT;88900;88900;60.100;80.000;52.0000;
IT;88900;88900;80.100;100.000;59.0000;
IT;88900;88900;100.100;50.000.000;250.0000;
IT;89010;89065;0.0000;0.0090;0.0000;
IT;89010;89065;0.0100;0.3000;13.5000;
IT;89010;89065;0.3100;5.000;18.5000;
IT;89010;89065;5.100;10.000;22.5000;
IT;89010;89065;10.100;20.000;28.0000;
IT;89010;89065;20.100;30.000;33.5000;
IT;89010;89065;30.100;40.000;39.0000;
IT;89010;89065;40.100;60.000;44.0000;
IT;89010;89065;60.100;80.000;52.0000;
IT;89010;89065;80.100;100.000;59.0000;
IT;89010;89065;100.100;50.000.000;250.0000;
IT;89069;89069;0.0000;0.0090;0.0000;
IT;89069;89069;0.0100;0.3000;13.5000;
IT;89069;89069;0.3100;5.000;18.5000;
IT;89069;89069;5.100;10.000;22.5000;
IT;89069;89069;10.100;20.000;28.0000;
IT;89069;89069;20.100;30.000;33.5000;
IT;89069;89069;30.100;40.000;39.0000;
IT;89069;89069;40.100;60.000;44.0000;
IT;89069;89069;60.100;80.000;52.0000;
IT;89069;89069;80.100;100.000;59.0000;
IT;89069;89069;100.100;50.000.000;250.0000;
IT;89100;89100;0.0000;0.0090;0.0000;
IT;89100;89100;0.0100;0.3000;13.5000;
IT;89100;89100;0.3100;5.000;18.5000;
IT;89100;89100;5.100;10.000;22.5000;
IT;89100;89100;10.100;20.000;28.0000;
IT;89100;89100;20.100;30.000;33.5000;
IT;89100;89100;30.100;40.000;39.0000;
IT;89100;89100;40.100;60.000;44.0000;
IT;89100;89100;60.100;80.000;52.0000;
IT;89100;89100;80.100;100.000;59.0000;
IT;89100;89100;100.100;50.000.000;250.0000;
IT;89121;89135;0.0000;0.0090;0.0000;
IT;89121;89135;0.0100;0.3000;13.5000;
IT;89121;89135;0.3100;5.000;18.5000;
IT;89121;89135;5.100;10.000;22.5000;
IT;89121;89135;10.100;20.000;28.0000;
IT;89121;89135;20.100;30.000;33.5000;
IT;89121;89135;30.100;40.000;39.0000;
IT;89121;89135;40.100;60.000;44.0000;
IT;89121;89135;60.100;80.000;52.0000;
IT;89121;89135;80.100;100.000;59.0000;
IT;89121;89135;100.100;50.000.000;250.0000;
IT;89812;89824;0.0000;0.0090;0.0000;
IT;89812;89824;0.0100;0.3000;13.5000;
IT;89812;89824;0.3100;5.000;18.5000;
IT;89812;89824;5.100;10.000;22.5000;
IT;89812;89824;10.100;20.000;28.0000;
IT;89812;89824;20.100;30.000;33.5000;
IT;89812;89824;30.100;40.000;39.0000;
IT;89812;89824;40.100;60.000;44.0000;
IT;89812;89824;60.100;80.000;52.0000;
IT;89812;89824;80.100;100.000;59.0000;
IT;89812;89824;100.100;50.000.000;250.0000;
IT;89831;89834;0.0000;0.0090;0.0000;
IT;89831;89834;0.0100;0.3000;13.5000;
IT;89831;89834;0.3100;5.000;18.5000;
IT;89831;89834;5.100;10.000;22.5000;
IT;89831;89834;10.100;20.000;28.0000;
IT;89831;89834;20.100;30.000;33.5000;
IT;89831;89834;30.100;40.000;39.0000;
IT;89831;89834;40.100;60.000;44.0000;
IT;89831;89834;60.100;80.000;52.0000;
IT;89831;89834;80.100;100.000;59.0000;
IT;89831;89834;100.100;50.000.000;250.0000;
IT;89841;89844;0.0000;0.0090;0.0000;
IT;89841;89844;0.0100;0.3000;13.5000;
IT;89841;89844;0.3100;5.000;18.5000;
IT;89841;89844;5.100;10.000;22.5000;
IT;89841;89844;10.100;20.000;28.0000;
IT;89841;89844;20.100;30.000;33.5000;
IT;89841;89844;30.100;40.000;39.0000;
IT;89841;89844;40.100;60.000;44.0000;
IT;89841;89844;60.100;80.000;52.0000;
IT;89841;89844;80.100;100.000;59.0000;
IT;89841;89844;100.100;50.000.000;250.0000;
IT;89851;89853;0.0000;0.0090;0.0000;
IT;89851;89853;0.0100;0.3000;13.5000;
IT;89851;89853;0.3100;5.000;18.5000;
IT;89851;89853;5.100;10.000;22.5000;
IT;89851;89853;10.100;20.000;28.0000;
IT;89851;89853;20.100;30.000;33.5000;
IT;89851;89853;30.100;40.000;39.0000;
IT;89851;89853;40.100;60.000;44.0000;
IT;89851;89853;60.100;80.000;52.0000;
IT;89851;89853;80.100;100.000;59.0000;
IT;89851;89853;100.100;50.000.000;250.0000;
IT;89861;89868;0.0000;0.0090;0.0000;
IT;89861;89868;0.0100;0.3000;13.5000;
IT;89861;89868;0.3100;5.000;18.5000;
IT;89861;89868;5.100;10.000;22.5000;
IT;89861;89868;10.100;20.000;28.0000;
IT;89861;89868;20.100;30.000;33.5000;
IT;89861;89868;30.100;40.000;39.0000;
IT;89861;89868;40.100;60.000;44.0000;
IT;89861;89868;60.100;80.000;52.0000;
IT;89861;89868;80.100;100.000;59.0000;
IT;89861;89868;100.100;50.000.000;250.0000;
IT;89900;89900;0.0000;0.0090;0.0000;
IT;89900;89900;0.0100;0.3000;13.5000;
IT;89900;89900;0.3100;5.000;18.5000;
IT;89900;89900;5.100;10.000;22.5000;
IT;89900;89900;10.100;20.000;28.0000;
IT;89900;89900;20.100;30.000;33.5000;
IT;89900;89900;30.100;40.000;39.0000;
IT;89900;89900;40.100;60.000;44.0000;
IT;89900;89900;60.100;80.000;52.0000;
IT;89900;89900;80.100;100.000;59.0000;
IT;89900;89900;100.100;50.000.000;250.0000;
IT;90010;90010;0.0000;0.0090;0.0000;
IT;90010;90010;0.0100;0.3000;24.5000;
IT;90010;90010;0.3100;5.000;29.5000;
IT;90010;90010;5.100;10.000;33.5000;
IT;90010;90010;10.100;20.000;39.0000;
IT;90010;90010;20.100;30.000;44.5000;
IT;90010;90010;30.100;40.000;50.0000;
IT;90010;90010;40.100;60.000;55.0000;
IT;90010;90010;60.100;80.000;63.0000;
IT;90010;90010;80.100;100.000;71.0000;
IT;90010;90010;100.100;50.000.000;350.0000;
IT;90011;90049;0.0000;0.0090;0.0000;
IT;90011;90049;0.0100;0.3000;13.5000;
IT;90011;90049;0.3100;5.000;18.5000;
IT;90011;90049;5.100;10.000;22.5000;
IT;90011;90049;10.100;20.000;28.0000;
IT;90011;90049;20.100;30.000;33.5000;
IT;90011;90049;30.100;40.000;39.0000;
IT;90011;90049;40.100;60.000;44.0000;
IT;90011;90049;60.100;80.000;52.0000;
IT;90011;90049;80.100;100.000;59.0000;
IT;90011;90049;100.100;50.000.000;250.0000;
IT;90100;90100;0.0000;0.0090;0.0000;
IT;90100;90100;0.0100;0.3000;13.5000;
IT;90100;90100;0.3100;5.000;18.5000;
IT;90100;90100;5.100;10.000;22.5000;
IT;90100;90100;10.100;20.000;28.0000;
IT;90100;90100;20.100;30.000;33.5000;
IT;90100;90100;30.100;40.000;39.0000;
IT;90100;90100;40.100;60.000;44.0000;
IT;90100;90100;60.100;80.000;52.0000;
IT;90100;90100;80.100;100.000;59.0000;
IT;90100;90100;100.100;50.000.000;250.0000;
IT;90121;90151;0.0000;0.0090;0.0000;
IT;90121;90151;0.0100;0.3000;13.5000;
IT;90121;90151;0.3100;5.000;18.5000;
IT;90121;90151;5.100;10.000;22.5000;
IT;90121;90151;10.100;20.000;28.0000;
IT;90121;90151;20.100;30.000;33.5000;
IT;90121;90151;30.100;40.000;39.0000;
IT;90121;90151;40.100;60.000;44.0000;
IT;90121;90151;60.100;80.000;52.0000;
IT;90121;90151;80.100;100.000;59.0000;
IT;90121;90151;100.100;50.000.000;250.0000;
IT;91010;91010;0.0000;0.0090;0.0000;
IT;91010;91010;0.0100;0.3000;24.5000;
IT;91010;91010;0.3100;5.000;29.5000;
IT;91010;91010;5.100;10.000;33.5000;
IT;91010;91010;10.100;20.000;39.0000;
IT;91010;91010;20.100;30.000;44.5000;
IT;91010;91010;30.100;40.000;50.0000;
IT;91010;91010;40.100;60.000;55.0000;
IT;91010;91010;60.100;80.000;63.0000;
IT;91010;91010;80.100;100.000;71.0000;
IT;91010;91010;100.100;50.000.000;350.0000;
IT;91011;91016;0.0000;0.0090;0.0000;
IT;91011;91016;0.0100;0.3000;13.5000;
IT;91011;91016;0.3100;5.000;18.5000;
IT;91011;91016;5.100;10.000;22.5000;
IT;91011;91016;10.100;20.000;28.0000;
IT;91011;91016;20.100;30.000;33.5000;
IT;91011;91016;30.100;40.000;39.0000;
IT;91011;91016;40.100;60.000;44.0000;
IT;91011;91016;60.100;80.000;52.0000;
IT;91011;91016;80.100;100.000;59.0000;
IT;91011;91016;100.100;50.000.000;250.0000;
IT;91017;91017;0.0000;0.0090;0.0000;
IT;91017;91017;0.0100;0.3000;24.5000;
IT;91017;91017;0.3100;5.000;29.5000;
IT;91017;91017;5.100;10.000;33.5000;
IT;91017;91017;10.100;20.000;39.0000;
IT;91017;91017;20.100;30.000;44.5000;
IT;91017;91017;30.100;40.000;50.0000;
IT;91017;91017;40.100;60.000;55.0000;
IT;91017;91017;60.100;80.000;63.0000;
IT;91017;91017;80.100;100.000;71.0000;
IT;91017;91017;100.100;50.000.000;350.0000;
IT;91018;91022;0.0000;0.0090;0.0000;
IT;91018;91022;0.0100;0.3000;13.5000;
IT;91018;91022;0.3100;5.000;18.5000;
IT;91018;91022;5.100;10.000;22.5000;
IT;91018;91022;10.100;20.000;28.0000;
IT;91018;91022;20.100;30.000;33.5000;
IT;91018;91022;30.100;40.000;39.0000;
IT;91018;91022;40.100;60.000;44.0000;
IT;91018;91022;60.100;80.000;52.0000;
IT;91018;91022;80.100;100.000;59.0000;
IT;91018;91022;100.100;50.000.000;250.0000;
IT;91023;91023;0.0000;0.0090;0.0000;
IT;91023;91023;0.0100;0.3000;24.5000;
IT;91023;91023;0.3100;5.000;29.5000;
IT;91023;91023;5.100;10.000;33.5000;
IT;91023;91023;10.100;20.000;39.0000;
IT;91023;91023;20.100;30.000;44.5000;
IT;91023;91023;30.100;40.000;50.0000;
IT;91023;91023;40.100;60.000;55.0000;
IT;91023;91023;60.100;80.000;63.0000;
IT;91023;91023;80.100;100.000;71.0000;
IT;91023;91023;100.100;50.000.000;350.0000;
IT;91024;91029;0.0000;0.0090;0.0000;
IT;91024;91029;0.0100;0.3000;13.5000;
IT;91024;91029;0.3100;5.000;18.5000;
IT;91024;91029;5.100;10.000;22.5000;
IT;91024;91029;10.100;20.000;28.0000;
IT;91024;91029;20.100;30.000;33.5000;
IT;91024;91029;30.100;40.000;39.0000;
IT;91024;91029;40.100;60.000;44.0000;
IT;91024;91029;60.100;80.000;52.0000;
IT;91024;91029;80.100;100.000;59.0000;
IT;91024;91029;100.100;50.000.000;250.0000;
IT;91100;91100;0.0000;0.0090;0.0000;
IT;91100;91100;0.0100;0.3000;13.5000;
IT;91100;91100;0.3100;5.000;18.5000;
IT;91100;91100;5.100;10.000;22.5000;
IT;91100;91100;10.100;20.000;28.0000;
IT;91100;91100;20.100;30.000;33.5000;
IT;91100;91100;30.100;40.000;39.0000;
IT;91100;91100;40.100;60.000;44.0000;
IT;91100;91100;60.100;80.000;52.0000;
IT;91100;91100;80.100;100.000;59.0000;
IT;91100;91100;100.100;50.000.000;250.0000;
IT;92010;92010;0.0000;0.0090;0.0000;
IT;92010;92010;0.0100;0.3000;24.5000;
IT;92010;92010;0.3100;5.000;29.5000;
IT;92010;92010;5.100;10.000;33.5000;
IT;92010;92010;10.100;20.000;39.0000;
IT;92010;92010;20.100;30.000;44.5000;
IT;92010;92010;30.100;40.000;50.0000;
IT;92010;92010;40.100;60.000;55.0000;
IT;92010;92010;60.100;80.000;63.0000;
IT;92010;92010;80.100;100.000;71.0000;
IT;92010;92010;100.100;50.000.000;350.0000;
IT;92011;92029;0.0000;0.0090;0.0000;
IT;92011;92029;0.0100;0.3000;13.5000;
IT;92011;92029;0.3100;5.000;18.5000;
IT;92011;92029;5.100;10.000;22.5000;
IT;92011;92029;10.100;20.000;28.0000;
IT;92011;92029;20.100;30.000;33.5000;
IT;92011;92029;30.100;40.000;39.0000;
IT;92011;92029;40.100;60.000;44.0000;
IT;92011;92029;60.100;80.000;52.0000;
IT;92011;92029;80.100;100.000;59.0000;
IT;92011;92029;100.100;50.000.000;250.0000;
IT;92100;92100;0.0000;0.0090;0.0000;
IT;92100;92100;0.0100;0.3000;13.5000;
IT;92100;92100;0.3100;5.000;18.5000;
IT;92100;92100;5.100;10.000;22.5000;
IT;92100;92100;10.100;20.000;28.0000;
IT;92100;92100;20.100;30.000;33.5000;
IT;92100;92100;30.100;40.000;39.0000;
IT;92100;92100;40.100;60.000;44.0000;
IT;92100;92100;60.100;80.000;52.0000;
IT;92100;92100;80.100;100.000;59.0000;
IT;92100;92100;100.100;50.000.000;250.0000;
IT;93010;93019;0.0000;0.0090;0.0000;
IT;93010;93019;0.0100;0.3000;13.5000;
IT;93010;93019;0.3100;5.000;18.5000;
IT;93010;93019;5.100;10.000;22.5000;
IT;93010;93019;10.100;20.000;28.0000;
IT;93010;93019;20.100;30.000;33.5000;
IT;93010;93019;30.100;40.000;39.0000;
IT;93010;93019;40.100;60.000;44.0000;
IT;93010;93019;60.100;80.000;52.0000;
IT;93010;93019;80.100;100.000;59.0000;
IT;93010;93019;100.100;50.000.000;250.0000;
IT;93100;93100;0.0000;0.0090;0.0000;
IT;93100;93100;0.0100;0.3000;13.5000;
IT;93100;93100;0.3100;5.000;18.5000;
IT;93100;93100;5.100;10.000;22.5000;
IT;93100;93100;10.100;20.000;28.0000;
IT;93100;93100;20.100;30.000;33.5000;
IT;93100;93100;30.100;40.000;39.0000;
IT;93100;93100;40.100;60.000;44.0000;
IT;93100;93100;60.100;80.000;52.0000;
IT;93100;93100;80.100;100.000;59.0000;
IT;93100;93100;100.100;50.000.000;250.0000;
IT;94010;94019;0.0000;0.0090;0.0000;
IT;94010;94019;0.0100;0.3000;13.5000;
IT;94010;94019;0.3100;5.000;18.5000;
IT;94010;94019;5.100;10.000;22.5000;
IT;94010;94019;10.100;20.000;28.0000;
IT;94010;94019;20.100;30.000;33.5000;
IT;94010;94019;30.100;40.000;39.0000;
IT;94010;94019;40.100;60.000;44.0000;
IT;94010;94019;60.100;80.000;52.0000;
IT;94010;94019;80.100;100.000;59.0000;
IT;94010;94019;100.100;50.000.000;250.0000;
IT;94100;94100;0.0000;0.0090;0.0000;
IT;94100;94100;0.0100;0.3000;13.5000;
IT;94100;94100;0.3100;5.000;18.5000;
IT;94100;94100;5.100;10.000;22.5000;
IT;94100;94100;10.100;20.000;28.0000;
IT;94100;94100;20.100;30.000;33.5000;
IT;94100;94100;30.100;40.000;39.0000;
IT;94100;94100;40.100;60.000;44.0000;
IT;94100;94100;60.100;80.000;52.0000;
IT;94100;94100;80.100;100.000;59.0000;
IT;94100;94100;100.100;50.000.000;250.0000;
IT;95010;95049;0.0000;0.0090;0.0000;
IT;95010;95049;0.0100;0.3000;13.5000;
IT;95010;95049;0.3100;5.000;18.5000;
IT;95010;95049;5.100;10.000;22.5000;
IT;95010;95049;10.100;20.000;28.0000;
IT;95010;95049;20.100;30.000;33.5000;
IT;95010;95049;30.100;40.000;39.0000;
IT;95010;95049;40.100;60.000;44.0000;
IT;95010;95049;60.100;80.000;52.0000;
IT;95010;95049;80.100;100.000;59.0000;
IT;95010;95049;100.100;50.000.000;250.0000;
IT;95100;95100;0.0000;0.0090;0.0000;
IT;95100;95100;0.0100;0.3000;13.5000;
IT;95100;95100;0.3100;5.000;18.5000;
IT;95100;95100;5.100;10.000;22.5000;
IT;95100;95100;10.100;20.000;28.0000;
IT;95100;95100;20.100;30.000;33.5000;
IT;95100;95100;30.100;40.000;39.0000;
IT;95100;95100;40.100;60.000;44.0000;
IT;95100;95100;60.100;80.000;52.0000;
IT;95100;95100;80.100;100.000;59.0000;
IT;95100;95100;100.100;50.000.000;250.0000;
IT;95121;95131;0.0000;0.0090;0.0000;
IT;95121;95131;0.0100;0.3000;13.5000;
IT;95121;95131;0.3100;5.000;18.5000;
IT;95121;95131;5.100;10.000;22.5000;
IT;95121;95131;10.100;20.000;28.0000;
IT;95121;95131;20.100;30.000;33.5000;
IT;95121;95131;30.100;40.000;39.0000;
IT;95121;95131;40.100;60.000;44.0000;
IT;95121;95131;60.100;80.000;52.0000;
IT;95121;95131;80.100;100.000;59.0000;
IT;95121;95131;100.100;50.000.000;250.0000;
IT;96010;96019;0.0000;0.0090;0.0000;
IT;96010;96019;0.0100;0.3000;13.5000;
IT;96010;96019;0.3100;5.000;18.5000;
IT;96010;96019;5.100;10.000;22.5000;
IT;96010;96019;10.100;20.000;28.0000;
IT;96010;96019;20.100;30.000;33.5000;
IT;96010;96019;30.100;40.000;39.0000;
IT;96010;96019;40.100;60.000;44.0000;
IT;96010;96019;60.100;80.000;52.0000;
IT;96010;96019;80.100;100.000;59.0000;
IT;96010;96019;100.100;50.000.000;250.0000;
IT;96100;96100;0.0000;0.0090;0.0000;
IT;96100;96100;0.0100;0.3000;13.5000;
IT;96100;96100;0.3100;5.000;18.5000;
IT;96100;96100;5.100;10.000;22.5000;
IT;96100;96100;10.100;20.000;28.0000;
IT;96100;96100;20.100;30.000;33.5000;
IT;96100;96100;30.100;40.000;39.0000;
IT;96100;96100;40.100;60.000;44.0000;
IT;96100;96100;60.100;80.000;52.0000;
IT;96100;96100;80.100;100.000;59.0000;
IT;96100;96100;100.100;50.000.000;250.0000;
IT;97010;97019;0.0000;0.0090;0.0000;
IT;97010;97019;0.0100;0.3000;13.5000;
IT;97010;97019;0.3100;5.000;18.5000;
IT;97010;97019;5.100;10.000;22.5000;
IT;97010;97019;10.100;20.000;28.0000;
IT;97010;97019;20.100;30.000;33.5000;
IT;97010;97019;30.100;40.000;39.0000;
IT;97010;97019;40.100;60.000;44.0000;
IT;97010;97019;60.100;80.000;52.0000;
IT;97010;97019;80.100;100.000;59.0000;
IT;97010;97019;100.100;50.000.000;250.0000;
IT;97100;97100;0.0000;0.0090;0.0000;
IT;97100;97100;0.0100;0.3000;13.5000;
IT;97100;97100;0.3100;5.000;18.5000;
IT;97100;97100;5.100;10.000;22.5000;
IT;97100;97100;10.100;20.000;28.0000;
IT;97100;97100;20.100;30.000;33.5000;
IT;97100;97100;30.100;40.000;39.0000;
IT;97100;97100;40.100;60.000;44.0000;
IT;97100;97100;60.100;80.000;52.0000;
IT;97100;97100;80.100;100.000;59.0000;
IT;97100;97100;100.100;50.000.000;250.0000;
IT;98020;98049;0.0000;0.0090;0.0000;
IT;98020;98049;0.0100;0.3000;13.5000;
IT;98020;98049;0.3100;5.000;18.5000;
IT;98020;98049;5.100;10.000;22.5000;
IT;98020;98049;10.100;20.000;28.0000;
IT;98020;98049;20.100;30.000;33.5000;
IT;98020;98049;30.100;40.000;39.0000;
IT;98020;98049;40.100;60.000;44.0000;
IT;98020;98049;60.100;80.000;52.0000;
IT;98020;98049;80.100;100.000;59.0000;
IT;98020;98049;100.100;50.000.000;250.0000;
IT;98050;98050;0.0000;0.0090;0.0000;
IT;98050;98050;0.0100;0.3000;24.5000;
IT;98050;98050;0.3100;5.000;29.5000;
IT;98050;98050;5.100;10.000;33.5000;
IT;98050;98050;10.100;20.000;39.0000;
IT;98050;98050;20.100;30.000;44.5000;
IT;98050;98050;30.100;40.000;50.0000;
IT;98050;98050;40.100;60.000;55.0000;
IT;98050;98050;60.100;80.000;63.0000;
IT;98050;98050;80.100;100.000;71.0000;
IT;98050;98050;100.100;50.000.000;350.0000;
IT;98051;98054;0.0000;0.0090;0.0000;
IT;98051;98054;0.0100;0.3000;13.5000;
IT;98051;98054;0.3100;5.000;18.5000;
IT;98051;98054;5.100;10.000;22.5000;
IT;98051;98054;10.100;20.000;28.0000;
IT;98051;98054;20.100;30.000;33.5000;
IT;98051;98054;30.100;40.000;39.0000;
IT;98051;98054;40.100;60.000;44.0000;
IT;98051;98054;60.100;80.000;52.0000;
IT;98051;98054;80.100;100.000;59.0000;
IT;98051;98054;100.100;50.000.000;250.0000;
IT;98055;98055;0.0000;0.0090;0.0000;
IT;98055;98055;0.0100;0.3000;24.5000;
IT;98055;98055;0.3100;5.000;29.5000;
IT;98055;98055;5.100;10.000;33.5000;
IT;98055;98055;10.100;20.000;39.0000;
IT;98055;98055;20.100;30.000;44.5000;
IT;98055;98055;30.100;40.000;50.0000;
IT;98055;98055;40.100;60.000;55.0000;
IT;98055;98055;60.100;80.000;63.0000;
IT;98055;98055;80.100;100.000;71.0000;
IT;98055;98055;100.100;50.000.000;350.0000;
IT;98056;98079;0.0000;0.0090;0.0000;
IT;98056;98079;0.0100;0.3000;13.5000;
IT;98056;98079;0.3100;5.000;18.5000;
IT;98056;98079;5.100;10.000;22.5000;
IT;98056;98079;10.100;20.000;28.0000;
IT;98056;98079;20.100;30.000;33.5000;
IT;98056;98079;30.100;40.000;39.0000;
IT;98056;98079;40.100;60.000;44.0000;
IT;98056;98079;60.100;80.000;52.0000;
IT;98056;98079;80.100;100.000;59.0000;
IT;98056;98079;100.100;50.000.000;250.0000;
IT;98100;98100;0.0000;0.0090;0.0000;
IT;98100;98100;0.0100;0.3000;13.5000;
IT;98100;98100;0.3100;5.000;18.5000;
IT;98100;98100;5.100;10.000;22.5000;
IT;98100;98100;10.100;20.000;28.0000;
IT;98100;98100;20.100;30.000;33.5000;
IT;98100;98100;30.100;40.000;39.0000;
IT;98100;98100;40.100;60.000;44.0000;
IT;98100;98100;60.100;80.000;52.0000;
IT;98100;98100;80.100;100.000;59.0000;
IT;98100;98100;100.100;50.000.000;250.0000;
IT;98121;98168;0.0000;0.0090;0.0000;
IT;98121;98168;0.0100;0.3000;13.5000;
IT;98121;98168;0.3100;5.000;18.5000;
IT;98121;98168;5.100;10.000;22.5000;
IT;98121;98168;10.100;20.000;28.0000;
IT;98121;98168;20.100;30.000;33.5000;
IT;98121;98168;30.100;40.000;39.0000;
IT;98121;98168;40.100;60.000;44.0000;
IT;98121;98168;60.100;80.000;52.0000;
IT;98121;98168;80.100;100.000;59.0000;
IT;98121;98168;100.100;50.000.000;250.0000;
=======
IT;;;0.3100;5.00;14.5000;
IT;;;5.001;10.00;18.5000;
IT;;;10.001;20.00;24.0000;
IT;;;20.001;30.00;29.5000;
IT;;;30.001;40.00;35.0000;
IT;;;40.001;60.00;40.0000;
IT;;;60.001;80.00;48.0000;
IT;;;80.001;100.00;55.0000;
IT;;;100.001;5000.00;200.0000;
IT;04020;04020;0.0000;0.0090;0.0000;
IT;04020;04020;0.0100;0.3000;24.5000;
IT;04020;04020;0.3100;5.00;29.5000;
IT;04020;04020;5.001;10.00;33.5000;
IT;04020;04020;10.001;20.00;39.0000;
IT;04020;04020;20.001;30.00;44.5000;
IT;04020;04020;30.001;40.00;50.0000;
IT;04020;04020;40.001;60.00;55.0000;
IT;04020;04020;60.001;80.00;63.0000;
IT;04020;04020;80.001;100.00;71.0000;
IT;04020;04020;100.001;5000.00;350.0000;
IT;04027;04027;0.0000;0.0090;0.0000;
IT;04027;04027;0.0100;0.3000;24.5000;
IT;04027;04027;0.3100;5.00;29.5000;
IT;04027;04027;5.001;10.00;33.5000;
IT;04027;04027;10.001;20.00;39.0000;
IT;04027;04027;20.001;30.00;44.5000;
IT;04027;04027;30.001;40.00;50.0000;
IT;04027;04027;40.001;60.00;55.0000;
IT;04027;04027;60.001;80.00;63.0000;
IT;04027;04027;80.001;100.00;71.0000;
IT;04027;04027;100.001;5000.00;350.0000;
IT;07010;07023;0.0000;0.0090;0.0000;
IT;07010;07023;0.0100;0.3000;16.5000;
IT;07010;07023;0.3100;5.00;21.5000;
IT;07010;07023;5.001;10.00;25.5000;
IT;07010;07023;10.001;20.00;31.0000;
IT;07010;07023;20.001;30.00;36.5000;
IT;07010;07023;30.001;40.00;42.0000;
IT;07010;07023;40.001;60.00;47.0000;
IT;07010;07023;60.001;80.00;55.0000;
IT;07010;07023;80.001;100.00;62.0000;
IT;07010;07023;100.001;5000.00;350.0000;
IT;07024;07024;0.0000;0.0090;0.0000;
IT;07024;07024;0.0100;0.3000;24.5000;
IT;07024;07024;0.3100;5.00;29.5000;
IT;07024;07024;5.001;10.00;33.5000;
IT;07024;07024;10.001;20.00;39.0000;
IT;07024;07024;20.001;30.00;44.5000;
IT;07024;07024;30.001;40.00;50.0000;
IT;07024;07024;40.001;60.00;55.0000;
IT;07024;07024;60.001;80.00;63.0000;
IT;07024;07024;80.001;100.00;71.0000;
IT;07024;07024;100.001;5000.00;350.0000;
IT;07025;07045;0.0000;0.0090;0.0000;
IT;07025;07045;0.0100;0.3000;16.5000;
IT;07025;07045;0.3100;5.00;21.5000;
IT;07025;07045;5.001;10.00;25.5000;
IT;07025;07045;10.001;20.00;31.0000;
IT;07025;07045;20.001;30.00;36.5000;
IT;07025;07045;30.001;40.00;42.0000;
IT;07025;07045;40.001;60.00;47.0000;
IT;07025;07045;60.001;80.00;55.0000;
IT;07025;07045;80.001;100.00;62.0000;
IT;07025;07045;100.001;5000.00;350.0000;
IT;07046;07046;0.0000;0.0090;0.0000;
IT;07046;07046;0.0100;0.3000;24.5000;
IT;07046;07046;0.3100;5.00;29.5000;
IT;07046;07046;5.001;10.00;33.5000;
IT;07046;07046;10.001;20.00;39.0000;
IT;07046;07046;20.001;30.00;44.5000;
IT;07046;07046;30.001;40.00;50.0000;
IT;07046;07046;40.001;60.00;55.0000;
IT;07046;07046;60.001;80.00;63.0000;
IT;07046;07046;80.001;100.00;71.0000;
IT;07046;07046;100.001;5000.00;350.0000;
IT;07047;07052;0.0000;0.0090;0.0000;
IT;07047;07052;0.0100;0.3000;16.5000;
IT;07047;07052;0.3100;5.00;21.5000;
IT;07047;07052;5.001;10.00;25.5000;
IT;07047;07052;10.001;20.00;31.0000;
IT;07047;07052;20.001;30.00;36.5000;
IT;07047;07052;30.001;40.00;42.0000;
IT;07047;07052;40.001;60.00;47.0000;
IT;07047;07052;60.001;80.00;55.0000;
IT;07047;07052;80.001;100.00;62.0000;
IT;07047;07052;100.001;5000.00;350.0000;
IT;07100;07100;0.0000;0.0090;0.0000;
IT;07100;07100;0.0100;0.3000;16.5000;
IT;07100;07100;0.3100;5.00;21.5000;
IT;07100;07100;5.001;10.00;25.5000;
IT;07100;07100;10.001;20.00;31.0000;
IT;07100;07100;20.001;30.00;36.5000;
IT;07100;07100;30.001;40.00;42.0000;
IT;07100;07100;40.001;60.00;47.0000;
IT;07100;07100;60.001;80.00;55.0000;
IT;07100;07100;80.001;100.00;62.0000;
IT;07100;07100;100.001;5000.00;350.0000;
IT;08010;08049;0.0000;0.0090;0.0000;
IT;08010;08049;0.0100;0.3000;16.5000;
IT;08010;08049;0.3100;5.00;21.5000;
IT;08010;08049;5.001;10.00;25.5000;
IT;08010;08049;10.001;20.00;31.0000;
IT;08010;08049;20.001;30.00;36.5000;
IT;08010;08049;30.001;40.00;42.0000;
IT;08010;08049;40.001;60.00;47.0000;
IT;08010;08049;60.001;80.00;55.0000;
IT;08010;08049;80.001;100.00;62.0000;
IT;08010;08049;100.001;5000.00;350.0000;
IT;08100;08100;0.0000;0.0090;0.0000;
IT;08100;08100;0.0100;0.3000;16.5000;
IT;08100;08100;0.3100;5.00;21.5000;
IT;08100;08100;5.001;10.00;25.5000;
IT;08100;08100;10.001;20.00;31.0000;
IT;08100;08100;20.001;30.00;36.5000;
IT;08100;08100;30.001;40.00;42.0000;
IT;08100;08100;40.001;60.00;47.0000;
IT;08100;08100;60.001;80.00;55.0000;
IT;08100;08100;80.001;100.00;62.0000;
IT;08100;08100;100.001;5000.00;350.0000;
IT;09010;09013;0.0000;0.0090;0.0000;
IT;09010;09013;0.0100;0.3000;16.5000;
IT;09010;09013;0.3100;5.00;21.5000;
IT;09010;09013;5.001;10.00;25.5000;
IT;09010;09013;10.001;20.00;31.0000;
IT;09010;09013;20.001;30.00;36.5000;
IT;09010;09013;30.001;40.00;42.0000;
IT;09010;09013;40.001;60.00;47.0000;
IT;09010;09013;60.001;80.00;55.0000;
IT;09010;09013;80.001;100.00;62.0000;
IT;09010;09013;100.001;5000.00;350.0000;
IT;09014;09014;0.0000;0.0090;0.0000;
IT;09014;09014;0.0100;0.3000;24.5000;
IT;09014;09014;0.3100;5.00;29.5000;
IT;09014;09014;5.001;10.00;33.5000;
IT;09014;09014;10.001;20.00;39.0000;
IT;09014;09014;20.001;30.00;44.5000;
IT;09014;09014;30.001;40.00;50.0000;
IT;09014;09014;40.001;60.00;55.0000;
IT;09014;09014;60.001;80.00;63.0000;
IT;09014;09014;80.001;100.00;71.0000;
IT;09014;09014;100.001;5000.00;350.0000;
IT;09015;09100;0.0000;0.0090;0.0000;
IT;09015;09100;0.0100;0.3000;16.5000;
IT;09015;09100;0.3100;5.00;21.5000;
IT;09015;09100;5.001;10.00;25.5000;
IT;09015;09100;10.001;20.00;31.0000;
IT;09015;09100;20.001;30.00;36.5000;
IT;09015;09100;30.001;40.00;42.0000;
IT;09015;09100;40.001;60.00;47.0000;
IT;09015;09100;60.001;80.00;55.0000;
IT;09015;09100;80.001;100.00;62.0000;
IT;09015;09100;100.001;5000.00;350.0000;
IT;09121;09134;0.0000;0.0090;0.0000;
IT;09121;09134;0.0100;0.3000;16.5000;
IT;09121;09134;0.3100;5.00;21.5000;
IT;09121;09134;5.001;10.00;25.5000;
IT;09121;09134;10.001;20.00;31.0000;
IT;09121;09134;20.001;30.00;36.5000;
IT;09121;09134;30.001;40.00;42.0000;
IT;09121;09134;40.001;60.00;47.0000;
IT;09121;09134;60.001;80.00;55.0000;
IT;09121;09134;80.001;100.00;62.0000;
IT;09121;09134;100.001;5000.00;350.0000;
IT;09170;09170;0.0000;0.0090;0.0000;
IT;09170;09170;0.0100;0.3000;16.5000;
IT;09170;09170;0.3100;5.00;21.5000;
IT;09170;09170;5.001;10.00;25.5000;
IT;09170;09170;10.001;20.00;31.0000;
IT;09170;09170;20.001;30.00;36.5000;
IT;09170;09170;30.001;40.00;42.0000;
IT;09170;09170;40.001;60.00;47.0000;
IT;09170;09170;60.001;80.00;55.0000;
IT;09170;09170;80.001;100.00;62.0000;
IT;09170;09170;100.001;5000.00;350.0000;
IT;22060;22061;0.0000;0.0090;0.0000;
IT;22060;22061;0.0100;0.3000;24.5000;
IT;22060;22061;0.3100;5.00;29.5000;
IT;22060;22061;5.001;10.00;33.5000;
IT;22060;22061;10.001;20.00;39.0000;
IT;22060;22061;20.001;30.00;44.5000;
IT;22060;22061;30.001;40.00;50.0000;
IT;22060;22061;40.001;60.00;55.0000;
IT;22060;22061;60.001;80.00;63.0000;
IT;22060;22061;80.001;100.00;71.0000;
IT;22060;22061;100.001;5000.00;350.0000;
IT;23030;23030;0.0000;0.0090;0.0000;
IT;23030;23030;0.0100;0.3000;24.5000;
IT;23030;23030;0.3100;5.00;29.5000;
IT;23030;23030;5.001;10.00;33.5000;
IT;23030;23030;10.001;20.00;39.0000;
IT;23030;23030;20.001;30.00;44.5000;
IT;23030;23030;30.001;40.00;50.0000;
IT;23030;23030;40.001;60.00;55.0000;
IT;23030;23030;60.001;80.00;63.0000;
IT;23030;23030;80.001;100.00;71.0000;
IT;23030;23030;100.001;5000.00;350.0000;
IT;30010;30010;0.0000;0.0090;0.0000;
IT;30010;30010;0.0100;0.3000;24.5000;
IT;30010;30010;0.3100;5.00;29.5000;
IT;30010;30010;5.001;10.00;33.5000;
IT;30010;30010;10.001;20.00;39.0000;
IT;30010;30010;20.001;30.00;44.5000;
IT;30010;30010;30.001;40.00;50.0000;
IT;30010;30010;40.001;60.00;55.0000;
IT;30010;30010;60.001;80.00;63.0000;
IT;30010;30010;80.001;100.00;71.0000;
IT;30010;30010;100.001;5000.00;350.0000;
IT;30030;30030;0.0000;0.0090;0.0000;
IT;30030;30030;0.0100;0.3000;24.5000;
IT;30030;30030;0.3100;5.00;29.5000;
IT;30030;30030;5.001;10.00;33.5000;
IT;30030;30030;10.001;20.00;39.0000;
IT;30030;30030;20.001;30.00;44.5000;
IT;30030;30030;30.001;40.00;50.0000;
IT;30030;30030;40.001;60.00;55.0000;
IT;30030;30030;60.001;80.00;63.0000;
IT;30030;30030;80.001;100.00;71.0000;
IT;30030;30030;100.001;5000.00;350.0000;
IT;30.001;30.001;0.0000;0.0090;0.0000;
IT;30.001;30.001;0.0100;0.3000;24.5000;
IT;30.001;30.001;0.3100;5.00;29.5000;
IT;30.001;30.001;5.001;10.00;33.5000;
IT;30.001;30.001;10.001;20.00;39.0000;
IT;30.001;30.001;20.001;30.00;44.5000;
IT;30.001;30.001;30.001;40.00;50.0000;
IT;30.001;30.001;40.001;60.00;55.0000;
IT;30.001;30.001;60.001;80.00;63.0000;
IT;30.001;30.001;80.001;100.00;71.0000;
IT;30.001;30.001;100.001;5000.00;350.0000;
IT;30173;30173;0.0000;0.0090;0.0000;
IT;30173;30173;0.0100;0.3000;24.5000;
IT;30173;30173;0.3100;5.00;29.5000;
IT;30173;30173;5.001;10.00;33.5000;
IT;30173;30173;10.001;20.00;39.0000;
IT;30173;30173;20.001;30.00;44.5000;
IT;30173;30173;30.001;40.00;50.0000;
IT;30173;30173;40.001;60.00;55.0000;
IT;30173;30173;60.001;80.00;63.0000;
IT;30173;30173;80.001;100.00;71.0000;
IT;30173;30173;100.001;5000.00;350.0000;
IT;30175;30175;0.0000;0.0090;0.0000;
IT;30175;30175;0.0100;0.3000;24.5000;
IT;30175;30175;0.3100;5.00;29.5000;
IT;30175;30175;5.001;10.00;33.5000;
IT;30175;30175;10.001;20.00;39.0000;
IT;30175;30175;20.001;30.00;44.5000;
IT;30175;30175;30.001;40.00;50.0000;
IT;30175;30175;40.001;60.00;55.0000;
IT;30175;30175;60.001;80.00;63.0000;
IT;30175;30175;80.001;100.00;71.0000;
IT;30175;30175;100.001;5000.00;350.0000;
IT;57030;57039;0.0000;0.0090;0.0000;
IT;57030;57039;0.0100;0.3000;24.5000;
IT;57030;57039;0.3100;5.00;29.5000;
IT;57030;57039;5.001;10.00;33.5000;
IT;57030;57039;10.001;20.00;39.0000;
IT;57030;57039;20.001;30.00;44.5000;
IT;57030;57039;30.001;40.00;50.0000;
IT;57030;57039;40.001;60.00;55.0000;
IT;57030;57039;60.001;80.00;63.0000;
IT;57030;57039;80.001;100.00;71.0000;
IT;57030;57039;100.001;5000.00;350.0000;
IT;58012;58012;0.0000;0.0090;0.0000;
IT;58012;58012;0.0100;0.3000;24.5000;
IT;58012;58012;0.3100;5.00;29.5000;
IT;58012;58012;5.001;10.00;33.5000;
IT;58012;58012;10.001;20.00;39.0000;
IT;58012;58012;20.001;30.00;44.5000;
IT;58012;58012;30.001;40.00;50.0000;
IT;58012;58012;40.001;60.00;55.0000;
IT;58012;58012;60.001;80.00;63.0000;
IT;58012;58012;80.001;100.00;71.0000;
IT;58012;58012;100.001;5000.00;350.0000;
IT;58018;58019;0.0000;0.0090;0.0000;
IT;58018;58019;0.0100;0.3000;24.5000;
IT;58018;58019;0.3100;5.00;29.5000;
IT;58018;58019;5.001;10.00;33.5000;
IT;58018;58019;10.001;20.00;39.0000;
IT;58018;58019;20.001;30.00;44.5000;
IT;58018;58019;30.001;40.00;50.0000;
IT;58018;58019;40.001;60.00;55.0000;
IT;58018;58019;60.001;80.00;63.0000;
IT;58018;58019;80.001;100.00;71.0000;
IT;58018;58019;100.001;5000.00;350.0000;
IT;71040;71040;0.0000;0.0090;0.0000;
IT;71040;71040;0.0100;0.3000;24.5000;
IT;71040;71040;0.3100;5.00;29.5000;
IT;71040;71040;5.001;10.00;33.5000;
IT;71040;71040;10.001;20.00;39.0000;
IT;71040;71040;20.001;30.00;44.5000;
IT;71040;71040;30.001;40.00;50.0000;
IT;71040;71040;40.001;60.00;55.0000;
IT;71040;71040;60.001;80.00;63.0000;
IT;71040;71040;80.001;100.00;71.0000;
IT;71040;71040;100.001;5000.00;350.0000;
IT;71100;71100;0.0000;0.0090;0.0000;
IT;71100;71100;0.0100;0.3000;24.5000;
IT;71100;71100;0.3100;5.00;29.5000;
IT;71100;71100;5.001;10.00;33.5000;
IT;71100;71100;10.001;20.00;39.0000;
IT;71100;71100;20.001;30.00;44.5000;
IT;71100;71100;30.001;40.00;50.0000;
IT;71100;71100;40.001;60.00;55.0000;
IT;71100;71100;60.001;80.00;63.0000;
IT;71100;71100;80.001;100.00;71.0000;
IT;71100;71100;100.001;5000.00;350.0000;
IT;80070;80077;0.0000;0.0090;0.0000;
IT;80070;80077;0.0100;0.3000;24.5000;
IT;80070;80077;0.3100;5.00;29.5000;
IT;80070;80077;5.001;10.00;33.5000;
IT;80070;80077;10.001;20.00;39.0000;
IT;80070;80077;20.001;30.00;44.5000;
IT;80070;80077;30.001;40.00;50.0000;
IT;80070;80077;40.001;60.00;55.0000;
IT;80070;80077;60.001;80.00;63.0000;
IT;80070;80077;80.001;100.00;71.0000;
IT;80070;80077;100.001;5000.00;350.0000;
IT;80079;80079;0.0000;0.0090;0.0000;
IT;80079;80079;0.0100;0.3000;24.5000;
IT;80079;80079;0.3100;5.00;29.5000;
IT;80079;80079;5.001;10.00;33.5000;
IT;80079;80079;10.001;20.00;39.0000;
IT;80079;80079;20.001;30.00;44.5000;
IT;80079;80079;30.001;40.00;50.0000;
IT;80079;80079;40.001;60.00;55.0000;
IT;80079;80079;60.001;80.00;63.0000;
IT;80079;80079;80.001;100.00;71.0000;
IT;80079;80079;100.001;5000.00;350.0000;
IT;80124;80124;0.0000;0.0090;0.0000;
IT;80124;80124;0.0100;0.3000;24.5000;
IT;80124;80124;0.3100;5.00;29.5000;
IT;80124;80124;5.001;10.00;33.5000;
IT;80124;80124;10.001;20.00;39.0000;
IT;80124;80124;20.001;30.00;44.5000;
IT;80124;80124;30.001;40.00;50.0000;
IT;80124;80124;40.001;60.00;55.0000;
IT;80124;80124;60.001;80.00;63.0000;
IT;80124;80124;80.001;100.00;71.0000;
IT;80124;80124;100.001;5000.00;350.0000;
IT;87010;87051;0.0000;0.0090;0.0000;
IT;87010;87051;0.0100;0.3000;13.5000;
IT;87010;87051;0.3100;5.00;18.5000;
IT;87010;87051;5.001;10.00;22.5000;
IT;87010;87051;10.001;20.00;28.0000;
IT;87010;87051;20.001;30.00;33.5000;
IT;87010;87051;30.001;40.00;39.0000;
IT;87010;87051;40.001;60.00;44.0000;
IT;87010;87051;60.001;80.00;52.0000;
IT;87010;87051;80.001;100.00;59.0000;
IT;87010;87051;100.001;5000.00;250.0000;
IT;87053;87076;0.0000;0.0090;0.0000;
IT;87053;87076;0.0100;0.3000;13.5000;
IT;87053;87076;0.3100;5.00;18.5000;
IT;87053;87076;5.001;10.00;22.5000;
IT;87053;87076;10.001;20.00;28.0000;
IT;87053;87076;20.001;30.00;33.5000;
IT;87053;87076;30.001;40.00;39.0000;
IT;87053;87076;40.001;60.00;44.0000;
IT;87053;87076;60.001;80.00;52.0000;
IT;87053;87076;80.001;100.00;59.0000;
IT;87053;87076;100.001;5000.00;250.0000;
IT;87100;87100;0.0000;0.0090;0.0000;
IT;87100;87100;0.0100;0.3000;13.5000;
IT;87100;87100;0.3100;5.00;18.5000;
IT;87100;87100;5.001;10.00;22.5000;
IT;87100;87100;10.001;20.00;28.0000;
IT;87100;87100;20.001;30.00;33.5000;
IT;87100;87100;30.001;40.00;39.0000;
IT;87100;87100;40.001;60.00;44.0000;
IT;87100;87100;60.001;80.00;52.0000;
IT;87100;87100;80.001;100.00;59.0000;
IT;87100;87100;100.001;5000.00;250.0000;
IT;88020;88025;0.0000;0.0090;0.0000;
IT;88020;88025;0.0100;0.3000;13.5000;
IT;88020;88025;0.3100;5.00;18.5000;
IT;88020;88025;5.001;10.00;22.5000;
IT;88020;88025;10.001;20.00;28.0000;
IT;88020;88025;20.001;30.00;33.5000;
IT;88020;88025;30.001;40.00;39.0000;
IT;88020;88025;40.001;60.00;44.0000;
IT;88020;88025;60.001;80.00;52.0000;
IT;88020;88025;80.001;100.00;59.0000;
IT;88020;88025;100.001;5000.00;250.0000;
IT;88040;88056;0.0000;0.0090;0.0000;
IT;88040;88056;0.0100;0.3000;13.5000;
IT;88040;88056;0.3100;5.00;18.5000;
IT;88040;88056;5.001;10.00;22.5000;
IT;88040;88056;10.001;20.00;28.0000;
IT;88040;88056;20.001;30.00;33.5000;
IT;88040;88056;30.001;40.00;39.0000;
IT;88040;88056;40.001;60.00;44.0000;
IT;88040;88056;60.001;80.00;52.0000;
IT;88040;88056;80.001;100.00;59.0000;
IT;88040;88056;100.001;5000.00;250.0000;
IT;88060;88070;0.0000;0.0090;0.0000;
IT;88060;88070;0.0100;0.3000;13.5000;
IT;88060;88070;0.3100;5.00;18.5000;
IT;88060;88070;5.001;10.00;22.5000;
IT;88060;88070;10.001;20.00;28.0000;
IT;88060;88070;20.001;30.00;33.5000;
IT;88060;88070;30.001;40.00;39.0000;
IT;88060;88070;40.001;60.00;44.0000;
IT;88060;88070;60.001;80.00;52.0000;
IT;88060;88070;80.001;100.00;59.0000;
IT;88060;88070;100.001;5000.00;250.0000;
IT;88100;88100;0.0000;0.0090;0.0000;
IT;88100;88100;0.0100;0.3000;13.5000;
IT;88100;88100;0.3100;5.00;18.5000;
IT;88100;88100;5.001;10.00;22.5000;
IT;88100;88100;10.001;20.00;28.0000;
IT;88100;88100;20.001;30.00;33.5000;
IT;88100;88100;30.001;40.00;39.0000;
IT;88100;88100;40.001;60.00;44.0000;
IT;88100;88100;60.001;80.00;52.0000;
IT;88100;88100;80.001;100.00;59.0000;
IT;88100;88100;100.001;5000.00;250.0000;
IT;88811;88825;0.0000;0.0090;0.0000;
IT;88811;88825;0.0100;0.3000;13.5000;
IT;88811;88825;0.3100;5.00;18.5000;
IT;88811;88825;5.001;10.00;22.5000;
IT;88811;88825;10.001;20.00;28.0000;
IT;88811;88825;20.001;30.00;33.5000;
IT;88811;88825;30.001;40.00;39.0000;
IT;88811;88825;40.001;60.00;44.0000;
IT;88811;88825;60.001;80.00;52.0000;
IT;88811;88825;80.001;100.00;59.0000;
IT;88811;88825;100.001;5000.00;250.0000;
IT;88831;88842;0.0000;0.0090;0.0000;
IT;88831;88842;0.0100;0.3000;13.5000;
IT;88831;88842;0.3100;5.00;18.5000;
IT;88831;88842;5.001;10.00;22.5000;
IT;88831;88842;10.001;20.00;28.0000;
IT;88831;88842;20.001;30.00;33.5000;
IT;88831;88842;30.001;40.00;39.0000;
IT;88831;88842;40.001;60.00;44.0000;
IT;88831;88842;60.001;80.00;52.0000;
IT;88831;88842;80.001;100.00;59.0000;
IT;88831;88842;100.001;5000.00;250.0000;
IT;88900;88900;0.0000;0.0090;0.0000;
IT;88900;88900;0.0100;0.3000;13.5000;
IT;88900;88900;0.3100;5.00;18.5000;
IT;88900;88900;5.001;10.00;22.5000;
IT;88900;88900;10.001;20.00;28.0000;
IT;88900;88900;20.001;30.00;33.5000;
IT;88900;88900;30.001;40.00;39.0000;
IT;88900;88900;40.001;60.00;44.0000;
IT;88900;88900;60.001;80.00;52.0000;
IT;88900;88900;80.001;100.00;59.0000;
IT;88900;88900;100.001;5000.00;250.0000;
IT;89010;89065;0.0000;0.0090;0.0000;
IT;89010;89065;0.0100;0.3000;13.5000;
IT;89010;89065;0.3100;5.00;18.5000;
IT;89010;89065;5.001;10.00;22.5000;
IT;89010;89065;10.001;20.00;28.0000;
IT;89010;89065;20.001;30.00;33.5000;
IT;89010;89065;30.001;40.00;39.0000;
IT;89010;89065;40.001;60.00;44.0000;
IT;89010;89065;60.001;80.00;52.0000;
IT;89010;89065;80.001;100.00;59.0000;
IT;89010;89065;100.001;5000.00;250.0000;
IT;89069;89069;0.0000;0.0090;0.0000;
IT;89069;89069;0.0100;0.3000;13.5000;
IT;89069;89069;0.3100;5.00;18.5000;
IT;89069;89069;5.001;10.00;22.5000;
IT;89069;89069;10.001;20.00;28.0000;
IT;89069;89069;20.001;30.00;33.5000;
IT;89069;89069;30.001;40.00;39.0000;
IT;89069;89069;40.001;60.00;44.0000;
IT;89069;89069;60.001;80.00;52.0000;
IT;89069;89069;80.001;100.00;59.0000;
IT;89069;89069;100.001;5000.00;250.0000;
IT;89100;89100;0.0000;0.0090;0.0000;
IT;89100;89100;0.0100;0.3000;13.5000;
IT;89100;89100;0.3100;5.00;18.5000;
IT;89100;89100;5.001;10.00;22.5000;
IT;89100;89100;10.001;20.00;28.0000;
IT;89100;89100;20.001;30.00;33.5000;
IT;89100;89100;30.001;40.00;39.0000;
IT;89100;89100;40.001;60.00;44.0000;
IT;89100;89100;60.001;80.00;52.0000;
IT;89100;89100;80.001;100.00;59.0000;
IT;89100;89100;100.001;5000.00;250.0000;
IT;89121;89135;0.0000;0.0090;0.0000;
IT;89121;89135;0.0100;0.3000;13.5000;
IT;89121;89135;0.3100;5.00;18.5000;
IT;89121;89135;5.001;10.00;22.5000;
IT;89121;89135;10.001;20.00;28.0000;
IT;89121;89135;20.001;30.00;33.5000;
IT;89121;89135;30.001;40.00;39.0000;
IT;89121;89135;40.001;60.00;44.0000;
IT;89121;89135;60.001;80.00;52.0000;
IT;89121;89135;80.001;100.00;59.0000;
IT;89121;89135;100.001;5000.00;250.0000;
IT;89812;89824;0.0000;0.0090;0.0000;
IT;89812;89824;0.0100;0.3000;13.5000;
IT;89812;89824;0.3100;5.00;18.5000;
IT;89812;89824;5.001;10.00;22.5000;
IT;89812;89824;10.001;20.00;28.0000;
IT;89812;89824;20.001;30.00;33.5000;
IT;89812;89824;30.001;40.00;39.0000;
IT;89812;89824;40.001;60.00;44.0000;
IT;89812;89824;60.001;80.00;52.0000;
IT;89812;89824;80.001;100.00;59.0000;
IT;89812;89824;100.001;5000.00;250.0000;
IT;89831;89834;0.0000;0.0090;0.0000;
IT;89831;89834;0.0100;0.3000;13.5000;
IT;89831;89834;0.3100;5.00;18.5000;
IT;89831;89834;5.001;10.00;22.5000;
IT;89831;89834;10.001;20.00;28.0000;
IT;89831;89834;20.001;30.00;33.5000;
IT;89831;89834;30.001;40.00;39.0000;
IT;89831;89834;40.001;60.00;44.0000;
IT;89831;89834;60.001;80.00;52.0000;
IT;89831;89834;80.001;100.00;59.0000;
IT;89831;89834;100.001;5000.00;250.0000;
IT;89841;89844;0.0000;0.0090;0.0000;
IT;89841;89844;0.0100;0.3000;13.5000;
IT;89841;89844;0.3100;5.00;18.5000;
IT;89841;89844;5.001;10.00;22.5000;
IT;89841;89844;10.001;20.00;28.0000;
IT;89841;89844;20.001;30.00;33.5000;
IT;89841;89844;30.001;40.00;39.0000;
IT;89841;89844;40.001;60.00;44.0000;
IT;89841;89844;60.001;80.00;52.0000;
IT;89841;89844;80.001;100.00;59.0000;
IT;89841;89844;100.001;5000.00;250.0000;
IT;89851;89853;0.0000;0.0090;0.0000;
IT;89851;89853;0.0100;0.3000;13.5000;
IT;89851;89853;0.3100;5.00;18.5000;
IT;89851;89853;5.001;10.00;22.5000;
IT;89851;89853;10.001;20.00;28.0000;
IT;89851;89853;20.001;30.00;33.5000;
IT;89851;89853;30.001;40.00;39.0000;
IT;89851;89853;40.001;60.00;44.0000;
IT;89851;89853;60.001;80.00;52.0000;
IT;89851;89853;80.001;100.00;59.0000;
IT;89851;89853;100.001;5000.00;250.0000;
IT;89861;89868;0.0000;0.0090;0.0000;
IT;89861;89868;0.0100;0.3000;13.5000;
IT;89861;89868;0.3100;5.00;18.5000;
IT;89861;89868;5.001;10.00;22.5000;
IT;89861;89868;10.001;20.00;28.0000;
IT;89861;89868;20.001;30.00;33.5000;
IT;89861;89868;30.001;40.00;39.0000;
IT;89861;89868;40.001;60.00;44.0000;
IT;89861;89868;60.001;80.00;52.0000;
IT;89861;89868;80.001;100.00;59.0000;
IT;89861;89868;100.001;5000.00;250.0000;
IT;89900;89900;0.0000;0.0090;0.0000;
IT;89900;89900;0.0100;0.3000;13.5000;
IT;89900;89900;0.3100;5.00;18.5000;
IT;89900;89900;5.001;10.00;22.5000;
IT;89900;89900;10.001;20.00;28.0000;
IT;89900;89900;20.001;30.00;33.5000;
IT;89900;89900;30.001;40.00;39.0000;
IT;89900;89900;40.001;60.00;44.0000;
IT;89900;89900;60.001;80.00;52.0000;
IT;89900;89900;80.001;100.00;59.0000;
IT;89900;89900;100.001;5000.00;250.0000;
IT;90010;90010;0.0000;0.0090;0.0000;
IT;90010;90010;0.0100;0.3000;24.5000;
IT;90010;90010;0.3100;5.00;29.5000;
IT;90010;90010;5.001;10.00;33.5000;
IT;90010;90010;10.001;20.00;39.0000;
IT;90010;90010;20.001;30.00;44.5000;
IT;90010;90010;30.001;40.00;50.0000;
IT;90010;90010;40.001;60.00;55.0000;
IT;90010;90010;60.001;80.00;63.0000;
IT;90010;90010;80.001;100.00;71.0000;
IT;90010;90010;100.001;5000.00;350.0000;
IT;90011;90049;0.0000;0.0090;0.0000;
IT;90011;90049;0.0100;0.3000;13.5000;
IT;90011;90049;0.3100;5.00;18.5000;
IT;90011;90049;5.001;10.00;22.5000;
IT;90011;90049;10.001;20.00;28.0000;
IT;90011;90049;20.001;30.00;33.5000;
IT;90011;90049;30.001;40.00;39.0000;
IT;90011;90049;40.001;60.00;44.0000;
IT;90011;90049;60.001;80.00;52.0000;
IT;90011;90049;80.001;100.00;59.0000;
IT;90011;90049;100.001;5000.00;250.0000;
IT;90100;90100;0.0000;0.0090;0.0000;
IT;90100;90100;0.0100;0.3000;13.5000;
IT;90100;90100;0.3100;5.00;18.5000;
IT;90100;90100;5.001;10.00;22.5000;
IT;90100;90100;10.001;20.00;28.0000;
IT;90100;90100;20.001;30.00;33.5000;
IT;90100;90100;30.001;40.00;39.0000;
IT;90100;90100;40.001;60.00;44.0000;
IT;90100;90100;60.001;80.00;52.0000;
IT;90100;90100;80.001;100.00;59.0000;
IT;90100;90100;100.001;5000.00;250.0000;
IT;90121;90151;0.0000;0.0090;0.0000;
IT;90121;90151;0.0100;0.3000;13.5000;
IT;90121;90151;0.3100;5.00;18.5000;
IT;90121;90151;5.001;10.00;22.5000;
IT;90121;90151;10.001;20.00;28.0000;
IT;90121;90151;20.001;30.00;33.5000;
IT;90121;90151;30.001;40.00;39.0000;
IT;90121;90151;40.001;60.00;44.0000;
IT;90121;90151;60.001;80.00;52.0000;
IT;90121;90151;80.001;100.00;59.0000;
IT;90121;90151;100.001;5000.00;250.0000;
IT;91010;91010;0.0000;0.0090;0.0000;
IT;91010;91010;0.0100;0.3000;24.5000;
IT;91010;91010;0.3100;5.00;29.5000;
IT;91010;91010;5.001;10.00;33.5000;
IT;91010;91010;10.001;20.00;39.0000;
IT;91010;91010;20.001;30.00;44.5000;
IT;91010;91010;30.001;40.00;50.0000;
IT;91010;91010;40.001;60.00;55.0000;
IT;91010;91010;60.001;80.00;63.0000;
IT;91010;91010;80.001;100.00;71.0000;
IT;91010;91010;100.001;5000.00;350.0000;
IT;91011;91016;0.0000;0.0090;0.0000;
IT;91011;91016;0.0100;0.3000;13.5000;
IT;91011;91016;0.3100;5.00;18.5000;
IT;91011;91016;5.001;10.00;22.5000;
IT;91011;91016;10.001;20.00;28.0000;
IT;91011;91016;20.001;30.00;33.5000;
IT;91011;91016;30.001;40.00;39.0000;
IT;91011;91016;40.001;60.00;44.0000;
IT;91011;91016;60.001;80.00;52.0000;
IT;91011;91016;80.001;100.00;59.0000;
IT;91011;91016;100.001;5000.00;250.0000;
IT;91017;91017;0.0000;0.0090;0.0000;
IT;91017;91017;0.0100;0.3000;24.5000;
IT;91017;91017;0.3100;5.00;29.5000;
IT;91017;91017;5.001;10.00;33.5000;
IT;91017;91017;10.001;20.00;39.0000;
IT;91017;91017;20.001;30.00;44.5000;
IT;91017;91017;30.001;40.00;50.0000;
IT;91017;91017;40.001;60.00;55.0000;
IT;91017;91017;60.001;80.00;63.0000;
IT;91017;91017;80.001;100.00;71.0000;
IT;91017;91017;100.001;5000.00;350.0000;
IT;91018;91022;0.0000;0.0090;0.0000;
IT;91018;91022;0.0100;0.3000;13.5000;
IT;91018;91022;0.3100;5.00;18.5000;
IT;91018;91022;5.001;10.00;22.5000;
IT;91018;91022;10.001;20.00;28.0000;
IT;91018;91022;20.001;30.00;33.5000;
IT;91018;91022;30.001;40.00;39.0000;
IT;91018;91022;40.001;60.00;44.0000;
IT;91018;91022;60.001;80.00;52.0000;
IT;91018;91022;80.001;100.00;59.0000;
IT;91018;91022;100.001;5000.00;250.0000;
IT;91023;91023;0.0000;0.0090;0.0000;
IT;91023;91023;0.0100;0.3000;24.5000;
IT;91023;91023;0.3100;5.00;29.5000;
IT;91023;91023;5.001;10.00;33.5000;
IT;91023;91023;10.001;20.00;39.0000;
IT;91023;91023;20.001;30.00;44.5000;
IT;91023;91023;30.001;40.00;50.0000;
IT;91023;91023;40.001;60.00;55.0000;
IT;91023;91023;60.001;80.00;63.0000;
IT;91023;91023;80.001;100.00;71.0000;
IT;91023;91023;100.001;5000.00;350.0000;
IT;91024;91029;0.0000;0.0090;0.0000;
IT;91024;91029;0.0100;0.3000;13.5000;
IT;91024;91029;0.3100;5.00;18.5000;
IT;91024;91029;5.001;10.00;22.5000;
IT;91024;91029;10.001;20.00;28.0000;
IT;91024;91029;20.001;30.00;33.5000;
IT;91024;91029;30.001;40.00;39.0000;
IT;91024;91029;40.001;60.00;44.0000;
IT;91024;91029;60.001;80.00;52.0000;
IT;91024;91029;80.001;100.00;59.0000;
IT;91024;91029;100.001;5000.00;250.0000;
IT;91100;91100;0.0000;0.0090;0.0000;
IT;91100;91100;0.0100;0.3000;13.5000;
IT;91100;91100;0.3100;5.00;18.5000;
IT;91100;91100;5.001;10.00;22.5000;
IT;91100;91100;10.001;20.00;28.0000;
IT;91100;91100;20.001;30.00;33.5000;
IT;91100;91100;30.001;40.00;39.0000;
IT;91100;91100;40.001;60.00;44.0000;
IT;91100;91100;60.001;80.00;52.0000;
IT;91100;91100;80.001;100.00;59.0000;
IT;91100;91100;100.001;5000.00;250.0000;
IT;92010;92010;0.0000;0.0090;0.0000;
IT;92010;92010;0.0100;0.3000;24.5000;
IT;92010;92010;0.3100;5.00;29.5000;
IT;92010;92010;5.001;10.00;33.5000;
IT;92010;92010;10.001;20.00;39.0000;
IT;92010;92010;20.001;30.00;44.5000;
IT;92010;92010;30.001;40.00;50.0000;
IT;92010;92010;40.001;60.00;55.0000;
IT;92010;92010;60.001;80.00;63.0000;
IT;92010;92010;80.001;100.00;71.0000;
IT;92010;92010;100.001;5000.00;350.0000;
IT;92011;92029;0.0000;0.0090;0.0000;
IT;92011;92029;0.0100;0.3000;13.5000;
IT;92011;92029;0.3100;5.00;18.5000;
IT;92011;92029;5.001;10.00;22.5000;
IT;92011;92029;10.001;20.00;28.0000;
IT;92011;92029;20.001;30.00;33.5000;
IT;92011;92029;30.001;40.00;39.0000;
IT;92011;92029;40.001;60.00;44.0000;
IT;92011;92029;60.001;80.00;52.0000;
IT;92011;92029;80.001;100.00;59.0000;
IT;92011;92029;100.001;5000.00;250.0000;
IT;92100;92100;0.0000;0.0090;0.0000;
IT;92100;92100;0.0100;0.3000;13.5000;
IT;92100;92100;0.3100;5.00;18.5000;
IT;92100;92100;5.001;10.00;22.5000;
IT;92100;92100;10.001;20.00;28.0000;
IT;92100;92100;20.001;30.00;33.5000;
IT;92100;92100;30.001;40.00;39.0000;
IT;92100;92100;40.001;60.00;44.0000;
IT;92100;92100;60.001;80.00;52.0000;
IT;92100;92100;80.001;100.00;59.0000;
IT;92100;92100;100.001;5000.00;250.0000;
IT;93010;93019;0.0000;0.0090;0.0000;
IT;93010;93019;0.0100;0.3000;13.5000;
IT;93010;93019;0.3100;5.00;18.5000;
IT;93010;93019;5.001;10.00;22.5000;
IT;93010;93019;10.001;20.00;28.0000;
IT;93010;93019;20.001;30.00;33.5000;
IT;93010;93019;30.001;40.00;39.0000;
IT;93010;93019;40.001;60.00;44.0000;
IT;93010;93019;60.001;80.00;52.0000;
IT;93010;93019;80.001;100.00;59.0000;
IT;93010;93019;100.001;5000.00;250.0000;
IT;93100;93100;0.0000;0.0090;0.0000;
IT;93100;93100;0.0100;0.3000;13.5000;
IT;93100;93100;0.3100;5.00;18.5000;
IT;93100;93100;5.001;10.00;22.5000;
IT;93100;93100;10.001;20.00;28.0000;
IT;93100;93100;20.001;30.00;33.5000;
IT;93100;93100;30.001;40.00;39.0000;
IT;93100;93100;40.001;60.00;44.0000;
IT;93100;93100;60.001;80.00;52.0000;
IT;93100;93100;80.001;100.00;59.0000;
IT;93100;93100;100.001;5000.00;250.0000;
IT;94010;94019;0.0000;0.0090;0.0000;
IT;94010;94019;0.0100;0.3000;13.5000;
IT;94010;94019;0.3100;5.00;18.5000;
IT;94010;94019;5.001;10.00;22.5000;
IT;94010;94019;10.001;20.00;28.0000;
IT;94010;94019;20.001;30.00;33.5000;
IT;94010;94019;30.001;40.00;39.0000;
IT;94010;94019;40.001;60.00;44.0000;
IT;94010;94019;60.001;80.00;52.0000;
IT;94010;94019;80.001;100.00;59.0000;
IT;94010;94019;100.001;5000.00;250.0000;
IT;94100;94100;0.0000;0.0090;0.0000;
IT;94100;94100;0.0100;0.3000;13.5000;
IT;94100;94100;0.3100;5.00;18.5000;
IT;94100;94100;5.001;10.00;22.5000;
IT;94100;94100;10.001;20.00;28.0000;
IT;94100;94100;20.001;30.00;33.5000;
IT;94100;94100;30.001;40.00;39.0000;
IT;94100;94100;40.001;60.00;44.0000;
IT;94100;94100;60.001;80.00;52.0000;
IT;94100;94100;80.001;100.00;59.0000;
IT;94100;94100;100.001;5000.00;250.0000;
IT;95010;95049;0.0000;0.0090;0.0000;
IT;95010;95049;0.0100;0.3000;13.5000;
IT;95010;95049;0.3100;5.00;18.5000;
IT;95010;95049;5.001;10.00;22.5000;
IT;95010;95049;10.001;20.00;28.0000;
IT;95010;95049;20.001;30.00;33.5000;
IT;95010;95049;30.001;40.00;39.0000;
IT;95010;95049;40.001;60.00;44.0000;
IT;95010;95049;60.001;80.00;52.0000;
IT;95010;95049;80.001;100.00;59.0000;
IT;95010;95049;100.001;5000.00;250.0000;
IT;95100;95100;0.0000;0.0090;0.0000;
IT;95100;95100;0.0100;0.3000;13.5000;
IT;95100;95100;0.3100;5.00;18.5000;
IT;95100;95100;5.001;10.00;22.5000;
IT;95100;95100;10.001;20.00;28.0000;
IT;95100;95100;20.001;30.00;33.5000;
IT;95100;95100;30.001;40.00;39.0000;
IT;95100;95100;40.001;60.00;44.0000;
IT;95100;95100;60.001;80.00;52.0000;
IT;95100;95100;80.001;100.00;59.0000;
IT;95100;95100;100.001;5000.00;250.0000;
IT;95121;95131;0.0000;0.0090;0.0000;
IT;95121;95131;0.0100;0.3000;13.5000;
IT;95121;95131;0.3100;5.00;18.5000;
IT;95121;95131;5.001;10.00;22.5000;
IT;95121;95131;10.001;20.00;28.0000;
IT;95121;95131;20.001;30.00;33.5000;
IT;95121;95131;30.001;40.00;39.0000;
IT;95121;95131;40.001;60.00;44.0000;
IT;95121;95131;60.001;80.00;52.0000;
IT;95121;95131;80.001;100.00;59.0000;
IT;95121;95131;100.001;5000.00;250.0000;
IT;96010;96019;0.0000;0.0090;0.0000;
IT;96010;96019;0.0100;0.3000;13.5000;
IT;96010;96019;0.3100;5.00;18.5000;
IT;96010;96019;5.001;10.00;22.5000;
IT;96010;96019;10.001;20.00;28.0000;
IT;96010;96019;20.001;30.00;33.5000;
IT;96010;96019;30.001;40.00;39.0000;
IT;96010;96019;40.001;60.00;44.0000;
IT;96010;96019;60.001;80.00;52.0000;
IT;96010;96019;80.001;100.00;59.0000;
IT;96010;96019;100.001;5000.00;250.0000;
IT;96100;96100;0.0000;0.0090;0.0000;
IT;96100;96100;0.0100;0.3000;13.5000;
IT;96100;96100;0.3100;5.00;18.5000;
IT;96100;96100;5.001;10.00;22.5000;
IT;96100;96100;10.001;20.00;28.0000;
IT;96100;96100;20.001;30.00;33.5000;
IT;96100;96100;30.001;40.00;39.0000;
IT;96100;96100;40.001;60.00;44.0000;
IT;96100;96100;60.001;80.00;52.0000;
IT;96100;96100;80.001;100.00;59.0000;
IT;96100;96100;100.001;5000.00;250.0000;
IT;97010;97019;0.0000;0.0090;0.0000;
IT;97010;97019;0.0100;0.3000;13.5000;
IT;97010;97019;0.3100;5.00;18.5000;
IT;97010;97019;5.001;10.00;22.5000;
IT;97010;97019;10.001;20.00;28.0000;
IT;97010;97019;20.001;30.00;33.5000;
IT;97010;97019;30.001;40.00;39.0000;
IT;97010;97019;40.001;60.00;44.0000;
IT;97010;97019;60.001;80.00;52.0000;
IT;97010;97019;80.001;100.00;59.0000;
IT;97010;97019;100.001;5000.00;250.0000;
IT;97100;97100;0.0000;0.0090;0.0000;
IT;97100;97100;0.0100;0.3000;13.5000;
IT;97100;97100;0.3100;5.00;18.5000;
IT;97100;97100;5.001;10.00;22.5000;
IT;97100;97100;10.001;20.00;28.0000;
IT;97100;97100;20.001;30.00;33.5000;
IT;97100;97100;30.001;40.00;39.0000;
IT;97100;97100;40.001;60.00;44.0000;
IT;97100;97100;60.001;80.00;52.0000;
IT;97100;97100;80.001;100.00;59.0000;
IT;97100;97100;100.001;5000.00;250.0000;
IT;98020;98049;0.0000;0.0090;0.0000;
IT;98020;98049;0.0100;0.3000;13.5000;
IT;98020;98049;0.3100;5.00;18.5000;
IT;98020;98049;5.001;10.00;22.5000;
IT;98020;98049;10.001;20.00;28.0000;
IT;98020;98049;20.001;30.00;33.5000;
IT;98020;98049;30.001;40.00;39.0000;
IT;98020;98049;40.001;60.00;44.0000;
IT;98020;98049;60.001;80.00;52.0000;
IT;98020;98049;80.001;100.00;59.0000;
IT;98020;98049;100.001;5000.00;250.0000;
IT;98050;98050;0.0000;0.0090;0.0000;
IT;98050;98050;0.0100;0.3000;24.5000;
IT;98050;98050;0.3100;5.00;29.5000;
IT;98050;98050;5.001;10.00;33.5000;
IT;98050;98050;10.001;20.00;39.0000;
IT;98050;98050;20.001;30.00;44.5000;
IT;98050;98050;30.001;40.00;50.0000;
IT;98050;98050;40.001;60.00;55.0000;
IT;98050;98050;60.001;80.00;63.0000;
IT;98050;98050;80.001;100.00;71.0000;
IT;98050;98050;100.001;5000.00;350.0000;
IT;98051;98054;0.0000;0.0090;0.0000;
IT;98051;98054;0.0100;0.3000;13.5000;
IT;98051;98054;0.3100;5.00;18.5000;
IT;98051;98054;5.001;10.00;22.5000;
IT;98051;98054;10.001;20.00;28.0000;
IT;98051;98054;20.001;30.00;33.5000;
IT;98051;98054;30.001;40.00;39.0000;
IT;98051;98054;40.001;60.00;44.0000;
IT;98051;98054;60.001;80.00;52.0000;
IT;98051;98054;80.001;100.00;59.0000;
IT;98051;98054;100.001;5000.00;250.0000;
IT;98055;98055;0.0000;0.0090;0.0000;
IT;98055;98055;0.0100;0.3000;24.5000;
IT;98055;98055;0.3100;5.00;29.5000;
IT;98055;98055;5.001;10.00;33.5000;
IT;98055;98055;10.001;20.00;39.0000;
IT;98055;98055;20.001;30.00;44.5000;
IT;98055;98055;30.001;40.00;50.0000;
IT;98055;98055;40.001;60.00;55.0000;
IT;98055;98055;60.001;80.00;63.0000;
IT;98055;98055;80.001;100.00;71.0000;
IT;98055;98055;100.001;5000.00;350.0000;
IT;98056;98079;0.0000;0.0090;0.0000;
IT;98056;98079;0.0100;0.3000;13.5000;
IT;98056;98079;0.3100;5.00;18.5000;
IT;98056;98079;5.001;10.00;22.5000;
IT;98056;98079;10.001;20.00;28.0000;
IT;98056;98079;20.001;30.00;33.5000;
IT;98056;98079;30.001;40.00;39.0000;
IT;98056;98079;40.001;60.00;44.0000;
IT;98056;98079;60.001;80.00;52.0000;
IT;98056;98079;80.001;100.00;59.0000;
IT;98056;98079;100.001;5000.00;250.0000;
IT;98100;98100;0.0000;0.0090;0.0000;
IT;98100;98100;0.0100;0.3000;13.5000;
IT;98100;98100;0.3100;5.00;18.5000;
IT;98100;98100;5.001;10.00;22.5000;
IT;98100;98100;10.001;20.00;28.0000;
IT;98100;98100;20.001;30.00;33.5000;
IT;98100;98100;30.001;40.00;39.0000;
IT;98100;98100;40.001;60.00;44.0000;
IT;98100;98100;60.001;80.00;52.0000;
IT;98100;98100;80.001;100.00;59.0000;
IT;98100;98100;100.001;5000.00;250.0000;
IT;98121;98168;0.0000;0.0090;0.0000;
IT;98121;98168;0.0100;0.3000;13.5000;
IT;98121;98168;0.3100;5.00;18.5000;
IT;98121;98168;5.001;10.00;22.5000;
IT;98121;98168;10.001;20.00;28.0000;
IT;98121;98168;20.001;30.00;33.5000;
IT;98121;98168;30.001;40.00;39.0000;
IT;98121;98168;40.001;60.00;44.0000;
IT;98121;98168;60.001;80.00;52.0000;
IT;98121;98168;80.001;100.00;59.0000;
IT;98121;98168;100.001;5000.00;250.0000;
;
>>>>>>> 75732fc (Code slimming and duplicate removal)
